	(Intercept)	x.c.V8	x.c.V10	x.c.V11	x.c.V13	x.c.V5	x.c.V7	x.c.V12	x.c.V6	I(x.c.V8^2)	I(x.c.V10^2)	I(x.c.V11^2)	I(x.c.V13^2)	I(x.c.V5^2)	I(x.c.V7^2)	I(x.c.V12^2)	I(x.c.V6^2)	x.c.V8:x.c.V10	x.c.V8:x.c.V11	x.c.V8:x.c.V13	x.c.V8:x.c.V5	x.c.V8:x.c.V7	x.c.V8:x.c.V12	x.c.V8:x.c.V6	x.c.V10:x.c.V11	x.c.V10:x.c.V13	x.c.V10:x.c.V5	x.c.V10:x.c.V7	x.c.V10:x.c.V12	x.c.V10:x.c.V6	x.c.V11:x.c.V13	x.c.V11:x.c.V5	x.c.V11:x.c.V7	x.c.V11:x.c.V12	x.c.V11:x.c.V6	x.c.V13:x.c.V5	x.c.V13:x.c.V7	x.c.V13:x.c.V12	x.c.V13:x.c.V6	x.c.V5:x.c.V7	x.c.V5:x.c.V12	x.c.V5:x.c.V6	x.c.V7:x.c.V12	x.c.V7:x.c.V6	x.c.V12:x.c.V6
3	1	40	2693	-25	250	5710	28	47.66	4	1600	7252249	625	62500	32604100	784	22.714.756	16	107720	-1000	10000	228400	1120	1906.4	160	-67325	673250	15377030	75404	128348.38	10772	-6250	-142750	-700	-1191.5	-100	1427500	7000	11915	1000	159880	272138.6	22840	1334.48	112	190.64
4	1	45	590	-24	100	5700	37	55.04	3	2025	348100	576	10000	32490000	1369	30.294.016	9	26550	-1080	4500	256500	1665	2476.8	135	-14160	59000	3363000	21830	32473.6	1770	-2400	-136800	-888	-1320.96	-72	570000	3700	5504	300	210900	313728	17100	2036.48	111	165.12
5	1	54	1450	25	60	5760	51	57.02	3	2916	2102500	625	3600	33177600	2601	32.512.804	9	78300	1350	3240	311040	2754	3079.08	162	36250	87000	8352000	73950	82679	4350	1500	144000	1275	1425.5	75	345600	3060	3421.2	180	293760	328435.2	17280	2908.02	153	171.06
6	1	35	1568	15	60	5720	69	53.78	4	1225	2458624	225	3600	32718400	4761	28.922.884	16	54880	525	2100	200200	2415	1882.3	140	23520	94080	8968960	108192	84327.04	6272	900	85800	1035	806.7	60	343200	4140	3226.8	240	394680	307621.6	22880	3710.82	276	215.12
7	1	45	2631	-33	100	5790	19	54.14	6	2025	6922161	1089	10000	33524100	361	29.311.396	36	118395	-1485	4500	260550	855	2436.3	270	-86823	263100	15233490	49989	142442.34	15786	-3300	-191070	-627	-1786.62	-198	579000	1900	5414	600	110010	313470.6	34740	1028.66	114	324.84
8	1	55	554	-28	250	5790	25	64.76	3	3025	306916	784	62500	33524100	625	41.938.576	9	30470	-1540	13750	318450	1375	3561.8	165	-15512	138500	3207660	13850	35877.04	1662	-7000	-162120	-700	-1813.28	-84	1447500	6250	16190	750	144750	374960.4	17370	1619	75	194.28
9	1	41	2083	23	120	5700	73	52.52	3	1681	4338889	529	14400	32490000	5329	27.583.504	9	85403	943	4920	233700	2993	2153.32	123	47909	249960	11873100	152059	109399.16	6249	2760	131100	1679	1207.96	69	684000	8760	6302.4	360	416100	299364	17100	3833.96	219	157.56
10	1	44	2654	-2	120	5700	59	48.38	3	1936	7043716	4	14400	32490000	3481	23.406.244	9	116776	-88	5280	250800	2596	2128.72	132	-5308	318480	15127800	156586	128400.52	7962	-240	-11400	-118	-96.76	-6	684000	7080	5805.6	360	336300	275766	17100	2854.42	177	145.14
11	1	54	5000	-19	120	5770	27	48.56	8	2916	2.5e+07	361	14400	33292900	729	23.580.736	64	270000	-1026	6480	311580	1458	2622.24	432	-95000	6,00E+05	28850000	135000	242800	40000	-2280	-109630	-513	-922.64	-152	692400	3240	5827.2	960	155790	280191.2	46160	1311.12	216	388.48
12	1	51	111	9	150	5720	44	63.14	3	2601	12321	81	22500	32718400	1936	39.866.596	9	5661	459	7650	291720	2244	3220.14	153	999	16650	634920	4884	7008.54	333	1350	51480	396	568.26	27	858000	6600	9471	450	251680	361160.8	17160	2778.16	132	189.42
13	1	51	492	-44	40	5760	33	64.58	6	2601	242064	1936	1600	33177600	1089	41.705.764	36	25092	-2244	2040	293760	1683	3293.58	306	-21648	19680	2833920	16236	31773.36	2952	-1760	-253440	-1452	-2841.52	-264	230400	1320	2583.2	240	190080	371980.8	34560	2131.14	198	387.48
14	1	54	5000	-44	200	5780	19	56.3	6	2916	2.5e+07	1936	40000	33408400	361	3169.69	36	270000	-2376	10800	312120	1026	3040.2	324	-220000	1,00E+06	28900000	95000	281500	30000	-8800	-254320	-836	-2477.2	-264	1156000	3800	11260	1200	109820	325414	34680	1069.7	114	337.8
15	1	58	1249	-53	250	5830	19	75.74	3	3364	1560001	2809	62500	33988900	361	57.365.476	9	72442	-3074	14500	338140	1102	4392.92	174	-66197	312250	7281670	23731	94599.26	3747	-13250	-308990	-1007	-4014.22	-159	1457500	4750	18935	750	110770	441564.2	17490	1439.06	57	227.22
16	1	61	5000	-67	200	5870	19	65.48	2	3721	2.5e+07	4489	40000	34456900	361	42.876.304	4	305000	-4087	12200	358070	1159	3994.28	122	-335000	1,00E+06	29350000	95000	327400	10000	-13400	-393290	-1273	-4387.16	-134	1174000	3800	13096	400	111530	384367.6	11740	1244.12	38	130.96
17	1	64	5000	-40	200	5840	19	63.32	5	4096	2.5e+07	1600	40000	34105600	361	40.094.224	25	320000	-2560	12800	373760	1216	4052.48	320	-2,00E+05	1,00E+06	29200000	95000	316600	25000	-8000	-233600	-760	-2532.8	-200	1168000	3800	12664	1000	110960	369788.8	29200	1203.08	95	316.6
18	1	67	639	1	150	5780	59	66.02	4	4489	408321	1	22500	33408400	3481	43.586.404	16	42813	67	10050	387260	3953	4423.34	268	639	95850	3693420	37701	42186.78	2556	150	5780	59	66.02	4	867000	8850	9903	600	341020	381595.6	23120	3895.18	236	264.08
19	1	52	393	-68	10	5680	73	69.8	5	2704	154449	4624	100	32262400	5329	4872.04	25	20436	-3536	520	295360	3796	3629.6	260	-26724	3930	2232240	28689	27431.4	1965	-680	-386240	-4964	-4746.4	-340	56800	730	698	50	414640	396464	28400	5095.4	365	349
20	1	54	5000	-66	140	5720	19	54.68	4	2916	2.5e+07	4356	19600	32718400	361	29.899.024	16	270000	-3564	7560	308880	1026	2952.72	216	-330000	7,00E+05	28600000	95000	273400	20000	-9240	-377520	-1254	-3608.88	-264	800800	2660	7655.2	560	108680	312769.6	22880	1038.92	76	218.72
21	1	54	5000	-58	250	5760	19	51.98	3	2916	2.5e+07	3364	62500	33177600	361	27.019.204	9	270000	-3132	13500	311040	1026	2806.92	162	-290000	1250000	28800000	95000	259900	15000	-14500	-334080	-1102	-3014.84	-174	1440000	4750	12995	750	109440	299404.8	17280	987.62	57	155.94
22	1	58	5000	-26	200	5730	26	51.98	4	3364	2.5e+07	676	40000	32832900	676	27.019.204	16	290000	-1508	11600	332340	1508	3014.84	232	-130000	1,00E+06	28650000	130000	259900	20000	-5200	-148980	-676	-1351.48	-104	1146000	5200	10396	800	148980	297845.4	22920	1351.48	104	207.92
23	1	69	3044	18	150	5700	59	52.88	5	4761	9265936	324	22500	32490000	3481	27.962.944	25	210036	1242	10350	393300	4071	3648.72	345	54792	456600	17350800	179596	160966.72	15220	2700	102600	1062	951.84	90	855000	8850	7932	750	336300	301416	28500	3119.92	295	264.4
24	1	51	3641	23	140	5650	70	47.66	5	2601	13256881	529	19600	31922500	4900	22.714.756	25	185691	1173	7140	288150	3570	2430.66	255	83743	509740	20571650	254870	173530.06	18205	3220	129950	1610	1096.18	115	791000	9800	6672.4	700	395500	269279	28250	3336.2	350	238.3
25	1	53	111	-10	50	5680	64	59.54	3	2809	12321	100	2500	32262400	4096	35.450.116	9	5883	-530	2650	301040	3392	3155.62	159	-1110	5550	630480	7104	6608.94	333	-500	-56800	-640	-595.4	-30	284000	3200	2977	150	363520	338187.2	17040	3810.56	192	178.62
27	1	59	597	-52	70	5820	19	70.52	5	3481	356409	2704	4900	33872400	361	49.730.704	25	35223	-3068	4130	343380	1121	4160.68	295	-31044	41790	3474540	11343	42100.44	2985	-3640	-302640	-988	-3667.04	-260	407400	1330	4936.4	350	110580	410426.4	29100	1339.88	95	352.6
29	1	64	1791	-15	150	5810	19	64.76	5	4096	3207681	225	22500	33756100	361	41.938.576	25	114624	-960	9600	371840	1216	4144.64	320	-26865	268650	10405710	34029	115985.16	8955	-2250	-87150	-285	-971.4	-75	871500	2850	9714	750	110390	376255.6	29050	1230.44	95	323.8
30	1	63	793	-15	120	5790	28	65.84	3	3969	628849	225	14400	33524100	784	43.349.056	9	49959	-945	7560	364770	1764	4147.92	189	-11895	95160	4591470	22204	52211.12	2379	-1800	-86850	-420	-987.6	-45	694800	3360	7900.8	360	162120	381213.6	17370	1843.52	84	197.52
31	1	63	531	-38	40	5800	32	75.92	2	3969	281961	1444	1600	33640000	1024	57.638.464	4	33453	-2394	2520	365400	2016	4782.96	126	-20178	21240	3079800	16992	40313.52	1062	-1520	-220400	-1216	-2884.96	-76	232000	1280	3036.8	80	185600	440336	11600	2429.44	64	151.84
32	1	62	419	-29	120	5820	19	75.74	5	3844	175561	841	14400	33872400	361	57.365.476	25	25978	-1798	7440	360840	1178	4695.88	310	-12151	50280	2438580	7961	31735.06	2095	-3480	-168780	-551	-2196.46	-145	698400	2280	9088.8	600	110580	440806.8	29100	1439.06	95	378.7
33	1	63	816	-7	6	5770	76	66.2	8	3969	665856	49	36	33292900	5776	4382.44	64	51408	-441	378	363510	4788	4170.6	504	-5712	4896	4708320	62016	54019.2	6528	-42	-40390	-532	-463.4	-56	34620	456	397.2	48	438520	381974	46160	5031.2	608	529.6
34	1	54	3651	62	30	5670	69	49.1	3	2916	13329801	3844	900	32148900	4761	2410.81	9	197154	3348	1620	306180	3726	2651.4	162	226362	109530	20701170	251919	179264.1	10953	1860	351540	4278	3044.2	186	170100	2070	1473	90	391230	278397	17010	3387.9	207	147.3
35	1	36	5000	70	100	5590	76	37.94	3	1296	2.5e+07	4900	10000	31248100	5776	14.394.436	9	180000	2520	3600	201240	2736	1365.84	108	350000	5,00E+05	27950000	380000	189700	15000	7000	391300	5320	2655.8	210	559000	7600	3794	300	424840	212084.6	16770	2883.44	228	113.82
36	1	31	5000	28	200	5410	64	32.36	6	961	2.5e+07	784	40000	29268100	4096	10.471.696	36	155000	868	6200	167710	1984	1003.16	186	140000	1,00E+06	27050000	320000	161800	30000	5600	151480	1792	906.08	168	1082000	12800	6472	1200	346240	175067.6	32460	2071.04	384	194.16
37	1	30	1341	18	60	5350	62	45.86	7	900	1798281	324	3600	28622500	3844	21.031.396	49	40230	540	1800	160500	1860	1375.8	210	24138	80460	7174350	83142	61498.26	9387	1080	96300	1116	825.48	126	321000	3720	2751.6	420	331700	245351	37450	2843.32	434	321.02
38	1	36	5000	0	350	5480	72	38.66	9	1296	2.5e+07	0	122500	30030400	5184	14.945.956	81	180000	0	12600	197280	2592	1391.76	324	0	1750000	27400000	360000	193300	45000	0	0	0	0	0	1918000	25200	13531	3150	394560	211856.8	49320	2783.52	648	347.94
39	1	42	3799	-18	250	5600	76	45.86	7	1764	14432401	324	62500	31360000	5776	21.031.396	49	159558	-756	10500	235200	3192	1926.12	294	-68382	949750	21274400	288724	174222.14	26593	-4500	-100800	-1368	-825.48	-126	1400000	19000	11465	1750	425600	256816	39200	3485.36	532	321.02
40	1	37	5000	32	350	5490	72	38.12	11	1369	2.5e+07	1024	122500	30140100	5184	14.531.344	121	185000	1184	12950	203130	2664	1410.44	407	160000	1750000	27450000	360000	190600	55000	11200	175680	2304	1219.84	352	1921500	25200	13342	3850	395280	209278.8	60390	2744.64	792	419.32
41	1	41	5000	-1	300	5560	72	37.58	10	1681	2.5e+07	1	90000	30913600	5184	14.122.564	100	205000	-41	12300	227960	2952	1540.78	410	-5000	1500000	27800000	360000	187900	50000	-300	-5560	-72	-37.58	-10	1668000	21600	11274	3000	400320	208944.8	55600	2705.76	720	375.8
42	1	46	5000	-30	300	5700	32	45.86	3	2116	2.5e+07	900	90000	32490000	1024	21.031.396	9	230000	-1380	13800	262200	1472	2109.56	138	-150000	1500000	28500000	160000	229300	15000	-9000	-171000	-960	-1375.8	-90	1710000	9600	13758	900	182400	261402	17100	1467.52	96	137.58
43	1	51	5000	-8	300	5680	50	45.5	5	2601	2.5e+07	64	90000	32262400	2500	2070.25	25	255000	-408	15300	289680	2550	2320.5	255	-40000	1500000	28400000	250000	227500	25000	-2400	-45440	-400	-364	-40	1704000	15000	13650	1500	284000	258440	28400	2275	250	227.5
44	1	55	2398	21	200	5700	86	53.78	4	3025	5750404	441	40000	32490000	7396	28.922.884	16	131890	1155	11000	313500	4730	2957.9	220	50358	479600	13668600	206228	128964.44	9592	4200	119700	1806	1129.38	84	1140000	17200	10756	800	490200	306546	22800	4625.08	344	215.12
45	1	41	5000	51	100	5650	61	36.32	5	1681	2.5e+07	2601	10000	31922500	3721	13.191.424	25	205000	2091	4100	231650	2501	1489.12	205	255000	5,00E+05	28250000	305000	181600	25000	5100	288150	3111	1852.32	255	565000	6100	3632	500	344650	205208	28250	2215.52	305	181.6
46	1	41	4281	42	250	5610	62	41.36	5	1681	18326961	1764	62500	31472100	3844	17.106.496	25	175521	1722	10250	230010	2542	1695.76	205	179802	1070250	24016410	265422	177062.16	21405	10500	235620	2604	1737.12	210	1402500	15500	10340	1250	347820	232029.6	28050	2564.32	310	206.8
47	1	49	1161	27	200	5730	66	52.88	5	2401	1347921	729	40000	32832900	4356	27.962.944	25	56889	1323	9800	280770	3234	2591.12	245	31347	232200	6652530	76626	61393.68	5805	5400	154710	1782	1427.76	135	1146000	13200	10576	1000	378180	303002.4	28650	3490.08	330	264.4
48	1	45	2778	2	200	5770	68	55.76	5	2025	7717284	4	40000	33292900	4624	31.091.776	25	125010	90	9000	259650	3060	2509.2	225	5556	555600	16029060	188904	154901.28	13890	400	11540	136	111.52	10	1154000	13600	11152	1000	392360	321735.2	28850	3791.68	340	278.8
49	1	55	442	26	40	5770	82	58.28	3	3025	195364	676	1600	33292900	6724	33.965.584	9	24310	1430	2200	317350	4510	3205.4	165	11492	17680	2550340	36244	25759.76	1326	1040	150020	2132	1515.28	78	230800	3280	2331.2	120	473140	336275.6	17310	4778.96	246	174.84
51	1	41	5000	-30	300	5690	21	42.26	8	1681	2.5e+07	900	90000	32376100	441	17.859.076	64	205000	-1230	12300	233290	861	1732.66	328	-150000	1500000	28450000	105000	211300	40000	-9000	-170700	-630	-1267.8	-240	1707000	6300	12678	2400	119490	240459.4	45520	887.46	168	338.08
52	1	45	5000	-53	300	5700	19	43.88	3	2025	2.5e+07	2809	90000	32490000	361	19.254.544	9	225000	-2385	13500	256500	855	1974.6	135	-265000	1500000	28500000	95000	219400	15000	-15900	-302100	-1007	-2325.64	-159	1710000	5700	13164	900	108300	250116	17100	833.72	57	131.64
53	1	51	5000	-43	300	5730	19	49.1	11	2601	2.5e+07	1849	90000	32832900	361	2410.81	121	255000	-2193	15300	292230	969	2504.1	561	-215000	1500000	28650000	95000	245500	55000	-12900	-246390	-817	-2111.3	-473	1719000	5700	14730	3300	108870	281343	63030	932.9	209	540.1
54	1	53	5000	7	300	5690	19	49.1	7	2809	2.5e+07	49	90000	32376100	361	2410.81	49	265000	371	15900	301570	1007	2602.3	371	35000	1500000	28450000	95000	245500	35000	2100	39830	133	343.7	49	1707000	5700	14730	2100	108110	279379	39830	932.9	133	343.7
55	1	50	5000	24	300	5640	68	42.08	5	2500	2.5e+07	576	90000	31809600	4624	17.707.264	25	250000	1200	15000	282000	3400	2104	250	120000	1500000	28200000	340000	210400	25000	7200	135360	1632	1009.92	120	1692000	20400	12624	1500	383520	237331.2	28200	2861.44	340	210.4
56	1	60	1341	19	150	5720	63	59.18	6	3600	1798281	361	22500	32718400	3969	35.022.724	36	80460	1140	9000	343200	3780	3550.8	360	25479	201150	7670520	84483	79360.38	8046	2850	108680	1197	1124.42	114	858000	9450	8877	900	360360	338509.6	34320	3728.34	378	355.08
57	1	54	1318	2	150	5740	54	64.58	3	2916	1737124	4	22500	32947600	2916	41.705.764	9	71172	108	8100	309960	2916	3487.32	162	2636	197700	7565320	71172	85116.44	3954	300	11480	108	129.16	6	861000	8100	9687	450	309960	370689.2	17220	3487.32	162	193.74
58	1	53	885	-4	80	5740	47	67.1	3	2809	783225	16	6400	32947600	2209	4502.41	9	46905	-212	4240	304220	2491	3556.3	159	-3540	70800	5079900	41595	59383.5	2655	-320	-22960	-188	-268.4	-12	459200	3760	5368	240	269780	385154	17220	3153.7	141	201.3
59	1	53	360	3	40	5740	56	67.1	3	2809	129600	9	1600	32947600	3136	4502.41	9	19080	159	2120	304220	2968	3556.3	159	1080	14400	2066400	20160	24156	1080	120	17220	168	201.3	9	229600	2240	2684	120	321440	385154	17220	3757.6	168	201.3
60	1	44	3497	73	40	5670	61	49.46	7	1936	12229009	5329	1600	32148900	3721	24.462.916	49	153868	3212	1760	249480	2684	2176.24	308	255281	139880	19827990	213317	172961.62	24479	2920	413910	4453	3610.58	511	226800	2440	1978.4	280	345870	280438.2	39690	3017.06	427	346.22
61	1	40	5000	73	80	5550	74	40.1	10	1600	2.5e+07	5329	6400	30802500	5476	1608.01	100	2,00E+05	2920	3200	222000	2960	1604	400	365000	4,00E+05	27750000	370000	200500	50000	5840	405150	5402	2927.3	730	444000	5920	3208	800	410700	222555	55500	2967.4	740	401
62	1	30	5000	44	300	5470	46	29.3	7	900	2.5e+07	1936	90000	29920900	2116	858.49	49	150000	1320	9000	164100	1380	879	210	220000	1500000	27350000	230000	146500	35000	13200	240680	2024	1289.2	308	1641000	13800	8790	2100	251620	160271	38290	1347.8	322	205.1
63	1	25	5000	39	200	5320	45	27.5	11	625	2.5e+07	1521	40000	28302400	2025	756.25	121	125000	975	5000	133000	1125	687.5	275	195000	1,00E+06	26600000	225000	137500	55000	7800	207480	1755	1072.5	429	1064000	9000	5500	2200	239400	146300	58520	1237.5	495	302.5
65	1	40	5000	-12	140	5530	43	33.62	3	1600	2.5e+07	144	19600	30580900	1849	11.303.044	9	2,00E+05	-480	5600	221200	1720	1344.8	120	-60000	7,00E+05	27650000	215000	168100	15000	-1680	-66360	-516	-403.44	-36	774200	6020	4706.8	420	237790	185918.6	16590	1445.66	129	100.86
66	1	45	5000	-2	140	5600	21	39.02	3	2025	2.5e+07	4	19600	31360000	441	15.225.604	9	225000	-90	6300	252000	945	1755.9	135	-10000	7,00E+05	2.8e+07	105000	195100	15000	-280	-11200	-42	-78.04	-6	784000	2940	5462.8	420	117600	218512	16800	819.42	63	117.06
67	1	51	5000	30	140	5660	57	42.08	7	2601	2.5e+07	900	19600	32035600	3249	17.707.264	49	255000	1530	7140	288660	2907	2146.08	357	150000	7,00E+05	28300000	285000	210400	35000	4200	169800	1710	1262.4	210	792400	7980	5891.2	980	322620	238172.8	39620	2398.56	399	294.56
68	1	48	3608	24	100	5580	42	39.38	5	2304	13017664	576	10000	31136400	1764	15.507.844	25	173184	1152	4800	267840	2016	1890.24	240	86592	360800	20132640	151536	142083.04	18040	2400	133920	1008	945.12	120	558000	4200	3938	500	234360	219740.4	27900	1653.96	210	196.9
69	1	45	5000	38	140	5510	50	32.9	5	2025	2.5e+07	1444	19600	30360100	2500	1082.41	25	225000	1710	6300	247950	2250	1480.5	225	190000	7,00E+05	27550000	250000	164500	25000	5320	209380	1900	1250.2	190	771400	7000	4606	700	275500	181279	27550	1645	250	164.5
70	1	47	5000	56	200	5530	61	35.6	5	2209	2.5e+07	3136	40000	30580900	3721	1267.36	25	235000	2632	9400	259910	2867	1673.2	235	280000	1,00E+06	27650000	305000	178000	25000	11200	309680	3416	1993.6	280	1106000	12200	7120	1000	337330	196868	27650	2171.6	305	178
71	1	43	5000	66	120	5620	61	34.34	9	1849	2.5e+07	4356	14400	31584400	3721	11.792.356	81	215000	2838	5160	241660	2623	1476.62	387	330000	6,00E+05	28100000	305000	171700	45000	7920	370920	4026	2266.44	594	674400	7320	4120.8	1080	342820	192990.8	50580	2094.74	549	309.06
72	1	49	613	-27	300	5690	60	59.72	0	2401	375769	729	90000	32376100	3600	35.664.784	0	30037	-1323	14700	278810	2940	2926.28	0	-16551	183900	3487970	36780	36608.36	0	-8100	-153630	-1620	-1612.44	0	1707000	18000	17916	0	341400	339806.8	0	3583.2	0	0
73	1	56	334	-9	300	5760	31	64.4	4	3136	111556	81	90000	33177600	961	4147.36	16	18704	-504	16800	322560	1736	3606.4	224	-3006	100200	1923840	10354	21509.6	1336	-2700	-51840	-279	-579.6	-36	1728000	9300	19320	1200	178560	370944	23040	1996.4	124	257.6
74	1	53	567	13	150	5740	66	61.88	3	2809	321489	169	22500	32947600	4356	38.291.344	9	30051	689	7950	304220	3498	3279.64	159	7371	85050	3254580	37422	35085.96	1701	1950	74620	858	804.44	39	861000	9900	9282	450	378840	355191.2	17220	4084.08	198	185.64
75	1	61	488	-20	2	5780	53	64.94	5	3721	238144	400	4	33408400	2809	42.172.036	25	29768	-1220	122	352580	3233	3961.34	305	-9760	976	2820640	25864	31690.72	2440	-40	-115600	-1060	-1298.8	-100	11560	106	129.88	10	306340	375353.2	28900	3441.82	265	324.7
76	1	63	531	-15	50	5790	42	71.06	2	3969	281961	225	2500	33524100	1764	50.495.236	4	33453	-945	3150	364770	2646	4476.78	126	-7965	26550	3074490	22302	37732.86	1062	-750	-86850	-630	-1065.9	-30	289500	2100	3553	100	243180	411437.4	11580	2984.52	84	142.12
77	1	70	508	7	70	5760	60	66.56	3	4900	258064	49	4900	33177600	3600	44.302.336	9	35560	490	4900	403200	4200	4659.2	210	3556	35560	2926080	30480	33812.48	1524	490	40320	420	465.92	21	403200	4200	4659.2	210	345600	383385.6	17280	3993.6	180	199.68
78	1	57	1571	68	17	5700	82	56.3	4	3249	2468041	4624	289	32490000	6724	3169.69	16	89547	3876	969	324900	4674	3209.1	228	106828	26707	8954700	128822	88447.3	6284	1156	387600	5576	3828.4	272	96900	1394	957.1	68	467400	320910	22800	4616.6	328	225.2
79	1	35	721	28	140	5680	57	55.4	4	1225	519841	784	19600	32262400	3249	3069.16	16	25235	980	4900	198800	1995	1939	140	20188	100940	4095280	41097	39943.4	2884	3920	159040	1596	1551.2	112	795200	7980	7756	560	323760	314672	22720	3157.8	228	221.6
80	1	52	505	-49	140	5720	21	67.28	5	2704	255025	2401	19600	32718400	441	45.265.984	25	26260	-2548	7280	297440	1092	3498.56	260	-24745	70700	2888600	10605	33976.4	2525	-6860	-280280	-1029	-3296.72	-245	800800	2940	9419.2	700	120120	384841.6	28600	1412.88	105	336.4
81	1	59	377	-27	300	5720	19	73.22	5	3481	142129	729	90000	32718400	361	53.611.684	25	22243	-1593	17700	337480	1121	4319.98	295	-10179	113100	2156440	7163	27603.94	1885	-8100	-154440	-513	-1976.94	-135	1716000	5700	21966	1500	108680	418818.4	28600	1391.18	95	366.1
82	1	67	442	-9	200	5730	32	75.74	4	4489	195364	81	40000	32832900	1024	57.365.476	16	29614	-603	13400	383910	2144	5074.58	268	-3978	88400	2532660	14144	33477.08	1768	-1800	-51570	-288	-681.66	-36	1146000	6400	15148	800	183360	433990.2	22920	2423.68	128	302.96
83	1	57	902	54	250	5710	77	60.44	5	3249	813604	2916	62500	32604100	5929	36.529.936	25	51414	3078	14250	325470	4389	3445.08	285	48708	225500	5150420	69454	54516.88	4510	13500	308340	4158	3263.76	270	1427500	19250	15110	1250	439670	345112.4	28550	4653.88	385	302.2
85	1	42	1381	4	60	5720	71	56.3	4	1764	1907161	16	3600	32718400	5041	3169.69	16	58002	168	2520	240240	2982	2364.6	168	5524	82860	7899320	98051	77750.3	5524	240	22880	284	225.2	16	343200	4260	3378	240	406120	322036	22880	3997.3	284	225.2
86	1	55	5000	-16	100	5710	19	50	3	3025	2.5e+07	256	10000	32604100	361	2500	9	275000	-880	5500	314050	1045	2750	165	-80000	5,00E+05	28550000	95000	250000	15000	-1600	-91360	-304	-800	-48	571000	1900	5000	300	108490	285500	17130	950	57	150
87	1	40	5000	38	150	5600	45	46.94	6	1600	2.5e+07	1444	22500	31360000	2025	22.033.636	36	2,00E+05	1520	6000	224000	1800	1877.6	240	190000	750000	2.8e+07	225000	234700	30000	5700	212800	1710	1783.72	228	840000	6750	7041	900	252000	262864	33600	2112.3	270	281.64
88	1	39	1302	40	150	5630	44	52.7	4	1521	1695204	1600	22500	31696900	1936	2777.29	16	50778	1560	5850	219570	1716	2055.3	156	52080	195300	7330260	57288	68615.4	5208	6000	225200	1760	2108	160	844500	6600	7905	600	247720	296701	22520	2318.8	176	210.8
89	1	57	1292	-5	200	5690	70	53.6	7	3249	1669264	25	40000	32376100	4900	2872.96	49	73644	-285	11400	324330	3990	3055.2	399	-6460	258400	7351480	90440	69251.2	9044	-1000	-28450	-350	-268	-35	1138000	14000	10720	1400	398300	304984	39830	3752	490	375.2
90	1	58	5000	-14	100	5730	45	52.7	6	3364	2.5e+07	196	10000	32832900	2025	2777.29	36	290000	-812	5800	332340	2610	3056.6	348	-70000	5,00E+05	28650000	225000	263500	30000	-1400	-80220	-630	-737.8	-84	573000	4500	5270	600	257850	301971	34380	2371.5	270	316.2
91	1	62	472	34	300	5710	46	62.96	3	3844	222784	1156	90000	32604100	2116	39.639.616	9	29264	2108	18600	354020	2852	3903.52	186	16048	141600	2695120	21712	29717.12	1416	10200	194140	1564	2140.64	102	1713000	13800	18888	900	262660	359501.6	17130	2896.16	138	188.88
92	1	51	1404	42	120	5610	50	54.5	6	2601	1971216	1764	14400	31472100	2500	2970.25	36	71604	2142	6120	286110	2550	2779.5	306	58968	168480	7876440	70200	76518	8424	5040	235620	2100	2289	252	673200	6000	6540	720	280500	305745	33660	2725	300	327
93	1	61	944	35	100	5680	69	55.76	5	3721	891136	1225	10000	32262400	4761	31.091.776	25	57584	2135	6100	346480	4209	3401.36	305	33040	94400	5361920	65136	52637.44	4720	3500	198800	2415	1951.6	175	568000	6900	5576	500	391920	316716.8	28400	3847.44	345	278.8
94	1	34	5000	75	200	5620	67	35.24	6	1156	2.5e+07	5625	40000	31584400	4489	12.418.576	36	170000	2550	6800	191080	2278	1198.16	204	375000	1,00E+06	28100000	335000	176200	30000	15000	421500	5025	2643	450	1124000	13400	7048	1200	376540	198048.8	33720	2361.08	402	211.44
95	1	35	5000	41	200	5420	69	30.92	7	1225	2.5e+07	1681	40000	29376400	4761	9.560.464	49	175000	1435	7000	189700	2415	1082.2	245	205000	1,00E+06	27100000	345000	154600	35000	8200	222220	2829	1267.72	287	1084000	13800	6184	1400	373980	167586.4	37940	2133.48	483	216.44
96	1	35	5000	62	200	5540	54	33.44	5	1225	2.5e+07	3844	40000	30691600	2916	11.182.336	25	175000	2170	7000	193900	1890	1170.4	175	310000	1,00E+06	27700000	270000	167200	25000	12400	343480	3348	2073.28	310	1108000	10800	6688	1000	299160	185257.6	27700	1805.76	270	167.2
97	1	48	5000	44	300	5590	51	42.08	6	2304	2.5e+07	1936	90000	31248100	2601	17.707.264	36	240000	2112	14400	268320	2448	2019.84	288	220000	1500000	27950000	255000	210400	30000	13200	245960	2244	1851.52	264	1677000	15300	12624	1800	285090	235227.2	33540	2146.08	306	252.48
98	1	59	2014	31	300	5690	63	53.42	6	3481	4056196	961	90000	32376100	3969	28.536.964	36	118826	1829	17700	335710	3717	3151.78	354	62434	604200	11459660	126882	107587.88	12084	9300	176390	1953	1656.02	186	1707000	18900	16026	1800	358470	303959.8	34140	3365.46	378	320.52
99	1	41	5000	56	250	5550	63	37.22	7	1681	2.5e+07	3136	62500	30802500	3969	13.853.284	49	205000	2296	10250	227550	2583	1526.02	287	280000	1250000	27750000	315000	186100	35000	14000	310800	3528	2084.32	392	1387500	15750	9305	1750	349650	206571	38850	2344.86	441	260.54
100	1	58	5000	27	120	5620	57	47.66	7	3364	2.5e+07	729	14400	31584400	3249	22.714.756	49	290000	1566	6960	325960	3306	2764.28	406	135000	6,00E+05	28100000	285000	238300	35000	3240	151740	1539	1286.82	189	674400	6840	5719.2	840	320340	267849.2	39340	2716.62	399	333.62
101	1	51	524	57	140	5630	61	54.68	6	2601	274576	3249	19600	31696900	3721	29.899.024	36	26724	2907	7140	287130	3111	2788.68	306	29868	73360	2950120	31964	28652.32	3144	7980	320910	3477	3116.76	342	788200	8540	7655.2	840	343430	307848.4	33780	3335.48	366	328.08
102	1	46	5000	55	200	5580	78	38.48	7	2116	2.5e+07	3025	40000	31136400	6084	14.807.104	49	230000	2530	9200	256680	3588	1770.08	322	275000	1,00E+06	27900000	390000	192400	35000	11000	306900	4290	2116.4	385	1116000	15600	7696	1400	435240	214718.4	39060	3001.44	546	269.36
103	1	40	5000	59	140	5560	65	35.24	4	1600	2.5e+07	3481	19600	30913600	4225	12.418.576	16	2,00E+05	2360	5600	222400	2600	1409.6	160	295000	7,00E+05	27800000	325000	176200	20000	8260	328040	3835	2079.16	236	778400	9100	4933.6	560	361400	195934.4	22240	2290.6	260	140.96
104	1	35	5000	24	80	5440	44	32.54	5	1225	2.5e+07	576	6400	29593600	1936	10.588.516	25	175000	840	2800	190400	1540	1138.9	175	120000	4,00E+05	27200000	220000	162700	25000	1920	130560	1056	780.96	120	435200	3520	2603.2	400	239360	177017.6	27200	1431.76	220	162.7
105	1	46	2490	29	300	5480	51	47.48	7	2116	6200100	841	90000	30030400	2601	22.543.504	49	114540	1334	13800	252080	2346	2184.08	322	72210	747000	13645200	126990	118225.2	17430	8700	158920	1479	1376.92	203	1644000	15300	14244	2100	279480	260190.4	38360	2421.48	357	332.36
106	1	39	5000	107	100	5620	73	31.28	5	1521	2.5e+07	11449	10000	31584400	5329	9.784.384	25	195000	4173	3900	219180	2847	1219.92	195	535000	5,00E+05	28100000	365000	156400	25000	10700	601340	7811	3346.96	535	562000	7300	3128	500	410260	175793.6	28100	2283.44	365	156.4
107	1	32	5000	36	300	5450	35	33.44	11	1024	2.5e+07	1296	90000	29702500	1225	11.182.336	121	160000	1152	9600	174400	1120	1070.08	352	180000	1500000	27250000	175000	167200	55000	10800	196200	1260	1203.84	396	1635000	10500	10032	3300	190750	182248	59950	1170.4	385	367.84
108	1	47	5000	28	200	5660	35	39.38	6	2209	2.5e+07	784	40000	32035600	1225	15.507.844	36	235000	1316	9400	266020	1645	1850.86	282	140000	1,00E+06	28300000	175000	196900	30000	5600	158480	980	1102.64	168	1132000	7000	7876	1200	198100	222890.8	33960	1378.3	210	236.28
109	1	50	1144	30	120	5680	61	53.6	6	2500	1308736	900	14400	32262400	3721	2872.96	36	57200	1500	6000	284000	3050	2680	300	34320	137280	6497920	69784	61318.4	6864	3600	170400	1830	1608	180	681600	7320	6432	720	346480	304448	34080	3269.6	366	321.6
110	1	65	547	1	100	5760	50	66.92	4	4225	299209	1	10000	33177600	2500	44.782.864	16	35555	65	6500	374400	3250	4349.8	260	547	54700	3150720	27350	36605.24	2188	100	5760	50	66.92	4	576000	5000	6692	400	288000	385459.2	23040	3346	200	267.68
111	1	66	413	10	120	5790	57	69.62	4	4356	170569	100	14400	33524100	3249	48.469.444	16	27258	660	7920	382140	3762	4594.92	264	4130	49560	2391270	23541	28753.06	1652	1200	57900	570	696.2	40	694800	6840	8354.4	480	330030	403099.8	23160	3968.34	228	278.48
112	1	69	610	46	60	5720	68	63.68	5	4761	372100	2116	3600	32718400	4624	40.551.424	25	42090	3174	4140	394680	4692	4393.92	345	28060	36600	3489200	41480	38844.8	3050	2760	263120	3128	2929.28	230	343200	4080	3820.8	300	388960	364249.6	28600	4330.24	340	318.4
113	1	59	3638	81	120	5660	58	51.26	6	3481	13235044	6561	14400	32035600	3364	26.275.876	36	214642	4779	7080	333940	3422	3024.34	354	294678	436560	20591080	211004	186483.88	21828	9720	458460	4698	4152.06	486	679200	6960	6151.2	720	328280	290131.6	33960	2973.08	348	307.56
114	1	64	3848	45	100	5710	65	56.84	5	4096	14807104	2025	10000	32604100	4225	32.307.856	25	246272	2880	6400	365440	4160	3637.76	320	173160	384800	21972080	250120	218720.32	19240	4500	256950	2925	2557.8	225	571000	6500	5684	500	371150	324556.4	28550	3694.6	325	284.2
115	1	68	1479	40	100	5780	78	68	7	4624	2187441	1600	10000	33408400	6084	4624	49	100572	2720	6800	393040	5304	4624	476	59160	147900	8548620	115362	100572	10353	4000	231200	3120	2720	280	578000	7800	6800	700	450840	393040	40460	5304	546	476
116	1	49	1108	55	27	5750	73	65.48	7	2401	1227664	3025	729	33062500	5329	42.876.304	49	54292	2695	1323	281750	3577	3208.52	343	60940	29916	6371000	80884	72551.84	7756	1485	316250	4015	3601.4	385	155250	1971	1767.96	189	419750	376510	40250	4780.04	511	458.36
117	1	52	869	0	40	5700	41	58.1	5	2704	755161	0	1600	32490000	1681	3375.61	25	45188	0	2080	296400	2132	3021.2	260	0	34760	4953300	35629	50488.9	4345	0	0	0	0	0	228000	1640	2324	200	233700	331170	28500	2382.1	205	290.5
118	1	56	5000	43	140	5620	47	38.3	9	3136	2.5e+07	1849	19600	31584400	2209	1466.89	81	280000	2408	7840	314720	2632	2144.8	504	215000	7,00E+05	28100000	235000	191500	45000	6020	241660	2021	1646.9	387	786800	6580	5362	1260	264140	215246	50580	1800.1	423	344.7
119	1	55	5000	49	150	5650	46	37.94	6	3025	2.5e+07	2401	22500	31922500	2116	14.394.436	36	275000	2695	8250	310750	2530	2086.7	330	245000	750000	28250000	230000	189700	30000	7350	276850	2254	1859.06	294	847500	6900	5691	900	259900	214361	33900	1745.24	276	227.64
120	1	66	1148	31	100	5730	61	60.8	5	4356	1317904	961	10000	32832900	3721	3696.64	25	75768	2046	6600	378180	4026	4012.8	330	35588	114800	6578040	70028	69798.4	5740	3100	177630	1891	1884.8	155	573000	6100	6080	500	349530	348384	28650	3708.8	305	304
121	1	74	856	4	100	5810	55	75.38	4	5476	732736	16	10000	33756100	3025	56.821.444	16	63344	296	7400	429940	4070	5578.12	296	3424	85600	4973360	47080	64525.28	3424	400	23240	220	301.52	16	581000	5500	7538	400	319550	437957.8	23240	4145.9	220	301.52
122	1	76	807	16	120	5790	60	73.04	4	5776	651249	256	14400	33524100	3600	53.348.416	16	61332	1216	9120	440040	4560	5551.04	304	12912	96840	4672530	48420	58943.28	3228	1920	92640	960	1168.64	64	694800	7200	8764.8	480	347400	422901.6	23160	4382.4	240	292.16
123	1	70	2040	46	150	5740	78	63.5	8	4900	4161600	2116	22500	32947600	6084	4032.25	64	142800	3220	10500	401800	5460	4445	560	93840	306000	11709600	159120	129540	16320	6900	264040	3588	2921	368	861000	11700	9525	1200	447720	364490	45920	4953	624	508
125	1	67	314	60	120	5690	71	59	4	4489	98596	3600	14400	32376100	5041	3481	16	21038	4020	8040	381230	4757	3953	268	18840	37680	1786660	22294	18526	1256	7200	341400	4260	3540	240	682800	8520	7080	480	403990	335710	22760	4189	284	236
127	1	41	5000	75	120	5680	77	40.82	6	1681	2.5e+07	5625	14400	32262400	5929	16.662.724	36	205000	3075	4920	232880	3157	1673.62	246	375000	6,00E+05	28400000	385000	204100	30000	9000	426000	5775	3061.5	450	681600	9240	4898.4	720	437360	231857.6	34080	3143.14	462	244.92
128	1	61	1410	20	140	5650	66	55.22	8	3721	1988100	400	19600	31922500	4356	30.492.484	64	86010	1220	8540	344650	4026	3368.42	488	28200	197400	7966500	93060	77860.2	11280	2800	113000	1320	1104.4	160	791000	9240	7730.8	1120	372900	311993	45200	3644.52	528	441.76
129	1	68	360	23	120	5730	74	62.42	6	4624	129600	529	14400	32832900	5476	38.962.564	36	24480	1564	8160	389640	5032	4244.56	408	8280	43200	2062800	26640	22471.2	2160	2760	131790	1702	1435.66	138	687600	8880	7490.4	720	424020	357666.6	34380	4619.08	444	374.52
130	1	69	1568	32	70	5730	78	67.64	3	4761	2458624	1024	4900	32832900	6084	45.751.696	9	108192	2208	4830	395370	5382	4667.16	207	50176	109760	8984640	122304	106059.52	4704	2240	183360	2496	2164.48	96	401100	5460	4734.8	210	446940	387577.2	17190	5275.92	234	202.92
131	1	74	1184	40	80	5760	78	68.72	7	5476	1401856	1600	6400	33177600	6084	47.224.384	49	87616	2960	5920	426240	5772	5085.28	518	47360	94720	6819840	92352	81364.48	8288	3200	230400	3120	2748.8	280	460800	6240	5497.6	560	449280	395827.2	40320	5360.16	546	481.04
132	1	74	898	24	70	5830	75	73.4	6	5476	806404	576	4900	33988900	5625	5387.56	36	66452	1776	5180	431420	5550	5431.6	444	21552	62860	5235340	67350	65913.2	5388	1680	139920	1800	1761.6	144	408100	5250	5138	420	437250	427922	34980	5505	450	440.4
133	1	80	436	0	40	5880	80	86.36	3	6400	190096	0	1600	34574400	6400	74.580.496	9	34880	0	3200	470400	6400	6908.8	240	0	17440	2563680	34880	37652.96	1308	0	0	0	0	0	235200	3200	3454.4	120	470400	507796.8	17640	6908.8	240	259.08
134	1	84	774	6	20	5890	88	86	6	7056	599076	36	400	34692100	7744	7396	36	65016	504	1680	494760	7392	7224	504	4644	15480	4558860	68112	66564	4644	120	35340	528	516	36	117800	1760	1720	120	518320	506540	35340	7568	528	516
135	1	78	1181	50	17	5850	76	79.88	4	6084	1394761	2500	289	34222500	5776	63.808.144	16	92118	3900	1326	456300	5928	6230.64	312	59050	20077	6908850	89756	94338.28	4724	850	292500	3800	3994	200	99450	1292	1357.96	68	444600	467298	23400	6070.88	304	319.52
136	1	80	1991	47	40	5820	63	69.62	6	6400	3964081	2209	1600	33872400	3969	48.469.444	36	159280	3760	3200	465600	5040	5569.6	480	93577	79640	11587620	125433	138613.42	11946	1880	273540	2961	3272.14	282	232800	2520	2784.8	240	366660	405188.4	34920	4386.06	378	417.72
138	1	76	1597	56	50	5800	78	68	7	5776	2550409	3136	2500	33640000	6084	4624	49	121372	4256	3800	440800	5928	5168	532	89432	79850	9262600	124566	108596	11179	2800	324800	4368	3808	392	290000	3900	3400	350	452400	394400	40600	5304	546	476
139	1	74	1184	52	70	5740	74	69.44	3	5476	1401856	2704	4900	32947600	5476	48.219.136	9	87616	3848	5180	424760	5476	5138.56	222	61568	82880	6796160	87616	82216.96	3552	3640	298480	3848	3610.88	156	401800	5180	4860.8	210	424760	398585.6	17220	5138.56	222	208.32
140	1	66	3005	58	80	5710	63	59.18	7	4356	9030025	3364	6400	32604100	3969	35.022.724	49	198330	3828	5280	376860	4158	3905.88	462	174290	240400	17158550	189315	177835.9	21035	4640	331180	3654	3432.44	406	456800	5040	4734.4	560	359730	337917.8	39970	3728.34	441	414.26
141	1	66	2880	53	120	5720	62	57.38	8	4356	8294400	2809	14400	32718400	3844	32.924.644	64	190080	3498	7920	377520	4092	3787.08	528	152640	345600	16473600	178560	165254.4	23040	6360	303160	3286	3041.14	424	686400	7440	6885.6	960	354640	328213.6	45760	3557.56	496	459.04
143	1	69	2125	64	100	5740	53	59	5	4761	4515625	4096	10000	32947600	2809	3481	25	146625	4416	6900	396060	3657	4071	345	136000	212500	12197500	112625	125375	10625	6400	367360	3392	3776	320	574000	5300	5900	500	304220	338660	28700	3127	265	295
145	1	62	3720	74	120	5690	62	50.9	9	3844	13838400	5476	14400	32376100	3844	2590.81	81	230640	4588	7440	352780	3844	3155.8	558	275280	446400	21166800	230640	189348	33480	8880	421060	4588	3766.6	666	682800	7440	6108	1080	352780	289621	51210	3155.8	558	458.1
146	1	67	4337	66	200	5730	71	59.36	5	4489	18809569	4356	40000	32832900	5041	35.236.096	25	290579	4422	13400	383910	4757	3977.12	335	286242	867400	24851010	307927	257444.32	21685	13200	378180	4686	3917.76	330	1146000	14200	11872	1000	406830	340132.8	28650	4214.56	355	296.8
147	1	80	2053	31	120	5780	68	72.86	3	6400	4214809	961	14400	33408400	4624	53.085.796	9	164240	2480	9600	462400	5440	5828.8	240	63643	246360	11866340	139604	149581.58	6159	3720	179180	2108	2258.66	93	693600	8160	8743.2	360	393040	421130.8	17340	4954.48	204	218.58
148	1	76	1958	70	40	5790	79	70.52	7	5776	3833764	4900	1600	33524100	6241	49.730.704	49	148808	5320	3040	440040	6004	5359.52	532	137060	78320	11336820	154682	138078.16	13706	2800	405300	5530	4936.4	490	231600	3160	2820.8	280	457410	408310.8	40530	5571.08	553	493.64
149	1	65	3644	86	70	5750	76	59.36	3	4225	13278736	7396	4900	33062500	5776	35.236.096	9	236860	5590	4550	373750	4940	3858.4	195	313384	255080	20953000	276944	216307.84	10932	6020	494500	6536	5104.96	258	402500	5320	4155.2	210	437000	341320	17250	4511.36	228	178.08
150	1	65	1368	75	100	5680	71	58.46	6	4225	1871424	5625	10000	32262400	5041	34.175.716	36	88920	4875	6500	369200	4615	3799.9	390	102600	136800	7770240	97128	79973.28	8208	7500	426000	5325	4384.5	450	568000	7100	5846	600	403280	332052.8	34080	4150.66	426	350.76
151	1	63	3539	73	120	5720	66	53.6	3	3969	12524521	5329	14400	32718400	4356	2872.96	9	222957	4599	7560	360360	4158	3376.8	189	258347	424680	20243080	233574	189690.4	10617	8760	417560	4818	3912.8	219	686400	7920	6432	360	377520	306592	17160	3537.6	198	160.8
152	1	62	2785	49	100	5770	81	63.32	4	3844	7756225	2401	10000	33292900	6561	40.094.224	16	172670	3038	6200	357740	5022	3925.84	248	136465	278500	16069450	225585	176346.2	11140	4900	282730	3969	3102.68	196	577000	8100	6332	400	467370	365356.4	23080	5128.92	324	253.28
153	1	68	984	26	120	5800	72	69.26	4	4624	968256	676	14400	33640000	5184	47.969.476	16	66912	1768	8160	394400	4896	4709.68	272	25584	118080	5707200	70848	68151.84	3936	3120	150800	1872	1800.76	104	696000	8640	8311.2	480	417600	401708	23200	4986.72	288	277.04
154	1	68	1804	56	70	5780	92	68	8	4624	3254416	3136	4900	33408400	8464	4624	64	122672	3808	4760	393040	6256	4624	544	101024	126280	10427120	165968	122672	14432	3920	323680	5152	3808	448	404600	6440	4760	560	531760	393040	46240	6256	736	544
155	1	69	3234	77	80	5740	71	62.78	6	4761	10458756	5929	6400	32947600	5041	39.413.284	36	223146	5313	5520	396060	4899	4331.82	414	249018	258720	18563160	229614	203030.52	19404	6160	441980	5467	4834.06	462	459200	5680	5022.4	480	407540	360357.2	34440	4457.38	426	376.68
156	1	66	3441	67	100	5730	64	60.98	6	4356	11840481	4489	10000	32832900	4096	37.185.604	36	227106	4422	6600	378180	4224	4024.68	396	230547	344100	19716930	220224	209832.18	20646	6700	383910	4288	4085.66	402	573000	6400	6098	600	366720	349415.4	34380	3902.72	384	365.88
157	1	70	1578	61	100	5760	68	60.8	6	4900	2490084	3721	10000	33177600	4624	3696.64	36	110460	4270	7000	403200	4760	4256	420	96258	157800	9089280	107304	95942.4	9468	6100	351360	4148	3708.8	366	576000	6800	6080	600	391680	350208	34560	4134.4	408	364.8
158	1	70	1850	76	120	5770	59	60.8	7	4900	3422500	5776	14400	33292900	3481	3696.64	49	129500	5320	8400	403900	4130	4256	490	140600	222000	10674500	109150	112480	12950	9120	438520	4484	4620.8	532	692400	7080	7296	840	340430	350816	40390	3587.2	413	425.6
159	1	64	2962	80	120	5690	67	59.36	8	4096	8773444	6400	14400	32376100	4489	35.236.096	64	189568	5120	7680	364160	4288	3799.04	512	236960	355440	16853780	198454	175824.32	23696	9600	455200	5360	4748.8	640	682800	8040	7123.2	960	381230	337758.4	45520	3977.12	536	474.88
160	1	61	2670	54	120	5650	66	55.4	6	3721	7128900	2916	14400	31922500	4356	3069.16	36	162870	3294	7320	344650	4026	3379.4	366	144180	320400	15085500	176220	147918	16020	6480	305100	3564	2991.6	324	678000	7920	6648	720	372900	313010	33900	3656.4	396	332.4
161	1	52	5000	76	150	5610	61	42.08	3	2704	2.5e+07	5776	22500	31472100	3721	17.707.264	9	260000	3952	7800	291720	3172	2188.16	156	380000	750000	28050000	305000	210400	15000	11400	426360	4636	3198.08	228	841500	9150	6312	450	342210	236068.8	16830	2566.88	183	126.24
162	1	48	5000	57	140	5570	81	40.82	9	2304	2.5e+07	3249	19600	31024900	6561	16.662.724	81	240000	2736	6720	267360	3888	1959.36	432	285000	7,00E+05	27850000	405000	204100	45000	7980	317490	4617	2326.74	513	779800	11340	5714.8	1260	451170	227367.4	50130	3306.42	729	367.38
163	1	59	5000	46	140	5690	63	51.26	5	3481	2.5e+07	2116	19600	32376100	3969	26.275.876	25	295000	2714	8260	335710	3717	3024.34	295	230000	7,00E+05	28450000	315000	256300	25000	6440	261740	2898	2357.96	230	796600	8820	7176.4	700	358470	291669.4	28450	3229.38	315	256.3
164	1	67	987	28	140	5760	58	63.86	3	4489	974169	784	19600	33177600	3364	40.780.996	9	66129	1876	9380	385920	3886	4278.62	201	27636	138180	5685120	57246	63029.82	2961	3920	161280	1624	1788.08	84	806400	8120	8940.4	420	334080	367833.6	17280	3703.88	174	191.58
165	1	66	1148	43	140	5810	68	66.92	5	4356	1317904	1849	19600	33756100	4624	44.782.864	25	75768	2838	9240	383460	4488	4416.72	330	49364	160720	6669880	78064	76824.16	5740	6020	249830	2924	2877.56	215	813400	9520	9368.8	700	395080	388805.2	29050	4550.56	340	334.6
166	1	74	898	-24	60	5830	71	77.9	4	5476	806404	576	3600	33988900	5041	6068.41	16	66452	-1776	4440	431420	5254	5764.6	296	-21552	53880	5235340	63758	69954.2	3592	-1440	-139920	-1704	-1869.6	-96	349800	4260	4674	240	413930	454157	23320	5530.9	284	311.6
167	1	83	777	-1	30	5880	67	82.58	6	6889	603729	1	900	34574400	4489	68.194.564	36	64491	-83	2490	488040	5561	6854.14	498	-777	23310	4568760	52059	64164.66	4662	-30	-5880	-67	-82.58	-6	176400	2010	2477.4	180	393960	485570.4	35280	5532.86	402	495.48
168	1	78	1279	75	17	5860	64	71.6	3	6084	1635841	5625	289	34339600	4096	5126.56	9	99762	5850	1326	457080	4992	5584.8	234	95925	21743	7494940	81856	91576.4	3837	1275	439500	4800	5370	225	99620	1088	1217.2	51	375040	419576	17580	4582.4	192	214.8
169	1	75	1046	69	80	5830	64	68.72	6	5625	1094116	4761	6400	33988900	4096	47.224.384	36	78450	5175	6000	437250	4800	5154	450	72174	83680	6098180	66944	71881.12	6276	5520	402270	4416	4741.68	414	466400	5120	5497.6	480	373120	400637.6	34980	4398.08	384	412.32
170	1	84	1167	50	60	5870	69	74.3	4	7056	1361889	2500	3600	34456900	4761	5520.49	16	98028	4200	5040	493080	5796	6241.2	336	58350	70020	6850290	80523	86708.1	4668	3000	293500	3450	3715	200	352200	4140	4458	240	405030	436141	23480	5126.7	276	297.2
171	1	81	987	45	100	5860	77	75.74	3	6561	974169	2025	10000	34339600	5929	57.365.476	9	79947	3645	8100	474660	6237	6134.94	243	44415	98700	5783820	75999	74755.38	2961	4500	263700	3465	3408.3	135	586000	7700	7574	300	451220	443836.4	17580	5831.98	231	227.22
172	1	79	1144	57	120	5800	61	71.24	3	6241	1308736	3249	14400	33640000	3721	50.751.376	9	90376	4503	9480	458200	4819	5627.96	237	65208	137280	6635200	69784	81498.56	3432	6840	330600	3477	4060.68	171	696000	7320	8548.8	360	353800	413192	17400	4345.64	183	213.72
173	1	79	977	60	150	5800	69	70.7	4	6241	954529	3600	22500	33640000	4761	4998.49	16	77183	4740	11850	458200	5451	5585.3	316	58620	146550	5666600	67413	69073.9	3908	9000	348000	4140	4242	240	870000	10350	10605	600	400200	410060	23200	4878.3	276	282.8
174	1	65	770	26	120	5770	64	75.56	5	4225	592900	676	14400	33292900	4096	57.093.136	25	50050	1690	7800	375050	4160	4911.4	325	20020	92400	4442900	49280	58181.2	3850	3120	150020	1664	1964.56	130	692400	7680	9067.2	600	369280	435981.2	28850	4835.84	320	377.8
175	1	81	629	-11	140	5860	33	86.36	4	6561	395641	121	19600	34339600	1089	74.580.496	16	50949	-891	11340	474660	2673	6995.16	324	-6919	88060	3685940	20757	54320.44	2516	-1540	-64460	-363	-949.96	-44	820400	4620	12090.4	560	193380	506069.6	23440	2849.88	132	345.44
176	1	84	337	-14	140	5870	38	89.78	7	7056	113569	196	19600	34456900	1444	80.604.484	49	28308	-1176	11760	493080	3192	7541.52	588	-4718	47180	1978190	12806	30255.86	2359	-1960	-82180	-532	-1256.92	-98	821800	5320	12569.2	980	223060	527008.6	41090	3411.64	266	628.46
177	1	83	590	26	120	5870	54	85.1	4	6889	348100	676	14400	34456900	2916	7242.01	16	48970	2158	9960	487210	4482	7063.3	332	15340	70800	3463300	31860	50209	2360	3120	152620	1404	2212.6	104	704400	6480	10212	480	316980	499537	23480	4595.4	216	340.4
178	1	90	400	19	120	5860	39	83.3	6	8100	160000	361	14400	34339600	1521	6938.89	36	36000	1710	10800	527400	3510	7497	540	7600	48000	2344000	15600	33320	2400	2280	111340	741	1582.7	114	703200	4680	9996	720	228540	488138	35160	3248.7	234	499.8
179	1	90	580	9	80	5880	43	87.26	5	8100	336400	81	6400	34574400	1849	76.143.076	25	52200	810	7200	529200	3870	7853.4	450	5220	46400	3410400	24940	50610.8	2900	720	52920	387	785.34	45	470400	3440	6980.8	400	252840	513088.8	29400	3752.18	215	436.3
180	1	93	646	25	140	5870	55	89.24	7	8649	417316	625	19600	34456900	3025	79.637.776	49	60078	2325	13020	545910	5115	8299.32	651	16150	90440	3792020	35530	57649.04	4522	3500	146750	1375	2231	175	821800	7700	12493.6	980	322850	523838.8	41090	4908.2	385	624.68
181	1	88	826	41	140	5860	77	84.38	4	7744	682276	1681	19600	34339600	5929	71.199.844	16	72688	3608	12320	515680	6776	7425.44	352	33866	115640	4840360	63602	69697.88	3304	5740	240260	3157	3459.58	164	820400	10780	11813.2	560	451220	494466.8	23440	6497.26	308	337.52
182	1	72	823	52	150	5830	63	74.48	5	5184	677329	2704	22500	33988900	3969	55.472.704	25	59256	3744	10800	419760	4536	5362.56	360	42796	123450	4798090	51849	61297.04	4115	7800	303160	3276	3872.96	260	874500	9450	11172	750	367290	434218.4	29150	4692.24	315	372.4
183	1	72	2116	47	120	5820	65	70.34	5	5184	4477456	2209	14400	33872400	4225	49.477.156	25	152352	3384	8640	419040	4680	5064.48	360	99452	253920	12315120	137540	148839.44	10580	5640	273540	3055	3305.98	235	698400	7800	8440.8	600	378300	409378.8	29100	4572.1	325	351.7
184	1	70	2972	52	120	5820	64	64.4	8	4900	8832784	2704	14400	33872400	4096	4147.36	64	208040	3640	8400	407400	4480	4508	560	154544	356640	17297040	190208	191396.8	23776	6240	302640	3328	3348.8	416	698400	7680	7728	960	372480	374808	46560	4121.6	512	515.2
185	1	78	2752	41	140	5860	68	69.98	6	6084	7573504	1681	19600	34339600	4624	48.972.004	36	214656	3198	10920	457080	5304	5458.44	468	112832	385280	16126720	187136	192584.96	16512	5740	240260	2788	2869.18	246	820400	9520	9797.2	840	398480	410082.8	35160	4758.64	408	419.88
186	1	87	1377	37	100	5870	76	78.44	3	7569	1896129	1369	10000	34456900	5776	61.528.336	9	119799	3219	8700	510690	6612	6824.28	261	50949	137700	8082990	104652	108011.88	4131	3700	217190	2812	2902.28	111	587000	7600	7844	300	446120	460442.8	17610	5961.44	228	235.32
187	1	91	1486	33	50	5890	71	79.88	6	8281	2208196	1089	2500	34692100	5041	63.808.144	36	135226	3003	4550	535990	6461	7269.08	546	49038	74300	8752540	105506	118701.68	8916	1650	194370	2343	2636.04	198	294500	3550	3994	300	418190	470493.2	35340	5671.48	426	479.28
188	1	87	990	22	40	5900	86	85.1	6	7569	980100	484	1600	34810000	7396	7242.01	36	86130	1914	3480	513300	7482	7403.7	522	21780	39600	5841000	85140	84249	5940	880	129800	1892	1872.2	132	236000	3440	3404	240	507400	502090	35400	7318.6	516	510.6
189	1	91	508	29	100	5890	65	85.28	5	8281	258064	841	10000	34692100	4225	72.726.784	25	46228	2639	9100	535990	5915	7760.48	455	14732	50800	2992120	33020	43322.24	2540	2900	170810	1885	2473.12	145	589000	6500	8528	500	382850	502299.2	29450	5543.2	325	426.4
191	1	88	1204	56	100	5910	73	79.88	4	7744	1449616	3136	10000	34928100	5329	63.808.144	16	105952	4928	8800	520080	6424	7029.44	352	67424	120400	7115640	87892	96175.52	4816	5600	330960	4088	4473.28	224	591000	7300	7988	400	431430	472090.8	23640	5831.24	292	319.52
192	1	83	2414	63	60	5900	69	76.46	5	6889	5827396	3969	3600	34810000	4761	58.461.316	25	200362	5229	4980	489700	5727	6346.18	415	152082	144840	14242600	166566	184574.44	12070	3780	371700	4347	4816.98	315	354000	4140	4587.6	300	407100	451114	29500	5275.74	345	382.3
193	1	78	2385	67	50	5860	64	70.34	3	6084	5688225	4489	2500	34339600	4096	49.477.156	9	186030	5226	3900	457080	4992	5486.52	234	159795	119250	13976100	152640	167760.9	7155	3350	392620	4288	4712.78	201	293000	3200	3517	150	375040	412192.4	17580	4501.76	192	211.02
194	1	79	2326	64	70	5830	63	71.24	3	6241	5410276	4096	4900	33988900	3969	50.751.376	9	183754	5056	5530	460570	4977	5627.96	237	148864	162820	13560580	146538	165704.24	6978	4480	373120	4032	4559.36	192	408100	4410	4986.8	210	367290	415329.2	17490	4488.12	189	213.72
195	1	77	3389	56	80	5850	72	68.72	9	5929	11485321	3136	6400	34222500	5184	47.224.384	81	260953	4312	6160	450450	5544	5291.44	693	189784	271120	19825650	244008	232892.08	30501	4480	327600	4032	3848.32	504	468000	5760	5497.6	720	421200	402012	52650	4947.84	648	618.48
196	1	81	2818	58	80	5830	82	71.78	6	6561	7941124	3364	6400	33988900	6724	51.523.684	36	228258	4698	6480	472230	6642	5814.18	486	163444	225440	16428940	231076	202276.04	16908	4640	338140	4756	4163.24	348	466400	6560	5742.4	480	478060	418477.4	34980	5885.96	492	430.68
198	1	76	2394	54	90	5810	69	69.62	8	5776	5731236	2916	8100	33756100	4761	48.469.444	64	181944	4104	6840	441560	5244	5291.12	608	129276	215460	13909140	165186	166670.28	19152	4860	313740	3726	3759.48	432	522900	6210	6265.8	720	400890	404492.2	46480	4803.78	552	556.96
199	1	78	2746	61	120	5830	74	69.44	4	6084	7540516	3721	14400	33988900	5476	48.219.136	16	214188	4758	9360	454740	5772	5416.32	312	167506	329520	16009180	203204	190682.24	10984	7320	355630	4514	4235.84	244	699600	8880	8332.8	480	431420	404835.2	23320	5138.56	296	277.76
200	1	75	2493	55	120	5830	69	72.5	5	5625	6215049	3025	14400	33988900	4761	5256.25	25	186975	4125	9000	437250	5175	5437.5	375	137115	299160	14534190	172017	180742.5	12465	6600	320650	3795	3987.5	275	699600	8280	8700	600	402270	422675	29150	5002.5	345	362.5
201	1	82	1528	42	100	5840	72	73.94	7	6724	2334784	1764	10000	34105600	5184	54.671.236	49	125296	3444	8200	478880	5904	6063.08	574	64176	152800	8923520	110016	112980.32	10696	4200	245280	3024	3105.48	294	584000	7200	7394	700	420480	431809.6	40880	5323.68	504	517.58
202	1	84	111	40	60	5870	73	78.08	6	7056	12321	1600	3600	34456900	5329	60.964.864	36	9324	3360	5040	493080	6132	6558.72	504	4440	6660	651570	8103	8666.88	666	2400	234800	2920	3123.2	240	352200	4380	4684.8	360	428510	458329.6	35220	5699.84	438	468.48
203	1	86	1899	45	40	5870	90	76.46	4	7396	3606201	2025	1600	34456900	8100	58.461.316	16	163314	3870	3440	504820	7740	6575.56	344	85455	75960	11147130	170910	145197.54	7596	1800	264150	4050	3440.7	180	234800	3600	3058.4	160	528300	448820.2	23480	6881.4	360	305.84
205	1	80	1289	32	40	5860	80	75.2	3	6400	1661521	1024	1600	34339600	6400	5655.04	9	103120	2560	3200	468800	6400	6016	240	41248	51560	7553540	103120	96932.8	3867	1280	187520	2560	2406.4	96	234400	3200	3008	120	468800	440672	17580	6016	240	225.6
206	1	80	984	35	70	5900	73	78.8	3	6400	968256	1225	4900	34810000	5329	6209.44	9	78720	2800	5600	472000	5840	6304	240	34440	68880	5805600	71832	77539.2	2952	2450	206500	2555	2758	105	413000	5110	5516	210	430700	464920	17700	5752.4	219	236.4
207	1	84	836	28	80	5890	71	81.5	4	7056	698896	784	6400	34692100	5041	6642.25	16	70224	2352	6720	494760	5964	6846	336	23408	66880	4924040	59356	68134	3344	2240	164920	1988	2282	112	471200	5680	6520	320	418190	480035	23560	5786.5	284	326
208	1	84	826	27	80	5880	78	79.34	4	7056	682276	729	6400	34574400	6084	62.948.356	16	69384	2268	6720	493920	6552	6664.56	336	22302	66080	4856880	64428	65534.84	3304	2160	158760	2106	2142.18	108	470400	6240	6347.2	320	458640	466519.2	23520	6188.52	312	317.36
209	1	81	1105	39	80	5890	80	74.12	6	6561	1221025	1521	6400	34692100	6400	54.937.744	36	89505	3159	6480	477090	6480	6003.72	486	43095	88400	6508450	88400	81902.6	6630	3120	229710	3120	2890.68	234	471200	6400	5929.6	480	471200	436566.8	35340	5929.6	480	444.72
210	1	85	1023	46	80	5870	74	77.18	8	7225	1046529	2116	6400	34456900	5476	59.567.524	64	86955	3910	6800	498950	6290	6560.3	680	47058	81840	6005010	75702	78955.14	8184	3680	270020	3404	3550.28	368	469600	5920	6174.4	640	434380	453046.6	46960	5711.32	592	617.44
213	1	73	2956	46	120	5820	63	67.28	6	5329	8737936	2116	14400	33872400	3969	45.265.984	36	215788	3358	8760	424860	4599	4911.44	438	135976	354720	17203920	186228	198879.68	17736	5520	267720	2898	3094.88	276	698400	7560	8073.6	720	366660	391569.6	34920	4238.64	378	403.68
214	1	72	2988	56	150	5780	57	65.66	6	5184	8928144	3136	22500	33408400	3249	43.112.356	36	215136	4032	10800	416160	4104	4727.52	432	167328	448200	17270640	170316	196192.08	17928	8400	323680	3192	3676.96	336	867000	8550	9849	900	329460	379514.8	34680	3742.62	342	393.96
215	1	68	4291	60	200	5770	55	62.24	3	4624	18412681	3600	40000	33292900	3025	38.738.176	9	291788	4080	13600	392360	3740	4232.32	204	257460	858200	24759070	236005	267071.84	12873	12000	346200	3300	3734.4	180	1154000	11000	12448	600	317350	359124.8	17310	3423.2	165	186.72
216	1	65	3330	59	150	5790	65	58.64	4	4225	11088900	3481	22500	33524100	4225	34.386.496	16	216450	3835	9750	376350	4225	3811.6	260	196470	499500	19280700	216450	195271.2	13320	8850	341610	3835	3459.76	236	868500	9750	8796	600	376350	339525.6	23160	3811.6	260	234.56
222	1	79	1233	30	100	5840	65	70.52	7	6241	1520289	900	10000	34105600	4225	49.730.704	49	97407	2370	7900	461360	5135	5571.08	553	36990	123300	7200720	80145	86951.16	8631	3000	175200	1950	2115.6	210	584000	6500	7052	700	379600	411836.8	40880	4583.8	455	493.64
224	1	81	1069	28	80	5910	72	74.3	5	6561	1142761	784	6400	34928100	5184	5520.49	25	86589	2268	6480	478710	5832	6018.3	405	29932	85520	6317790	76968	79426.7	5345	2240	165480	2016	2080.4	140	472800	5760	5944	400	425520	439113	29550	5349.6	360	371.5
225	1	80	984	57	70	5890	79	73.4	5	6400	968256	3249	4900	34692100	6241	5387.56	25	78720	4560	5600	471200	6320	5872	400	56088	68880	5795760	77736	72225.6	4920	3990	335730	4503	4183.8	285	412300	5530	5138	350	465310	432326	29450	5798.6	395	367
226	1	76	1653	71	60	5870	62	68.72	6	5776	2732409	5041	3600	34456900	3844	47.224.384	36	125628	5396	4560	446120	4712	5222.72	456	117363	99180	9703110	102486	113594.16	9918	4260	416770	4402	4879.12	426	352200	3720	4123.2	360	363940	403386.4	35220	4260.64	372	412.32
227	1	59	3930	68	150	5780	65	59.18	7	3481	15444900	4624	22500	33408400	4225	35.022.724	49	231870	4012	8850	341020	3835	3491.62	413	267240	589500	22715400	255450	232577.4	27510	10200	393040	4420	4024.24	476	867000	9750	8877	1050	375700	342060.4	40460	3846.7	455	414.26
228	1	55	5000	73	200	5730	77	51.62	5	3025	2.5e+07	5329	40000	32832900	5929	26.646.244	25	275000	4015	11000	315150	4235	2839.1	275	365000	1,00E+06	28650000	385000	258100	25000	14600	418290	5621	3768.26	365	1146000	15400	10324	1000	441210	295782.6	28650	3974.74	385	258.1
229	1	66	5000	45	200	5780	70	51.26	7	4356	2.5e+07	2025	40000	33408400	4900	26.275.876	49	330000	2970	13200	381480	4620	3383.16	462	225000	1,00E+06	28900000	350000	256300	35000	9000	260100	3150	2306.7	315	1156000	14000	10252	1400	404600	296282.8	40460	3588.2	490	358.82
230	1	64	4212	46	200	5750	58	56.84	7	4096	17740944	2116	40000	33062500	3364	32.307.856	49	269568	2944	12800	368000	3712	3637.76	448	193752	842400	24219000	244296	239410.08	29484	9200	264500	2668	2614.64	322	1150000	11600	11368	1400	333500	326830	40250	3296.72	406	397.88
231	1	62	5000	52	250	5760	58	49.82	5	3844	2.5e+07	2704	62500	33177600	3364	24.820.324	25	310000	3224	15500	357120	3596	3088.84	310	260000	1250000	28800000	290000	249100	25000	13000	299520	3016	2590.64	260	1440000	14500	12455	1250	334080	286963.2	28800	2889.56	290	249.1
232	1	67	5000	31	300	5730	72	57.38	7	4489	2.5e+07	961	90000	32832900	5184	32.924.644	49	335000	2077	20100	383910	4824	3844.46	469	155000	1500000	28650000	360000	286900	35000	9300	177630	2232	1778.78	217	1719000	21600	17214	2100	412560	328787.4	40110	4131.36	504	401.66
233	1	74	1545	43	70	5730	77	65.66	5	5476	2387025	1849	4900	32832900	5929	43.112.356	25	114330	3182	5180	424020	5698	4858.84	370	66435	108150	8852850	118965	101444.7	7725	3010	246390	3311	2823.38	215	401100	5390	4596.2	350	441210	376231.8	28650	5055.82	385	328.3
234	1	74	994	44	300	5790	57	69.62	4	5476	988036	1936	90000	33524100	3249	48.469.444	16	73556	3256	22200	428460	4218	5151.88	296	43736	298200	5755260	56658	69202.28	3976	13200	254760	2508	3063.28	176	1737000	17100	20886	1200	330030	403099.8	23160	3968.34	228	278.48
235	1	70	1125	55	150	5750	67	68	3	4900	1265625	3025	22500	33062500	4489	4624	9	78750	3850	10500	402500	4690	4760	210	61875	168750	6468750	75375	76500	3375	8250	316250	3685	3740	165	862500	10050	10200	450	385250	391000	17250	4556	201	204
236	1	77	636	16	300	5880	73	73.94	3	5929	404496	256	90000	34574400	5329	54.671.236	9	48972	1232	23100	452760	5621	5693.38	231	10176	190800	3739680	46428	47025.84	1908	4800	94080	1168	1183.04	48	1764000	21900	22182	900	429240	434767.2	17640	5397.62	219	221.82
237	1	83	748	32	30	5890	70	77	7	6889	559504	1024	900	34692100	4900	5929	49	62084	2656	2490	488870	5810	6391	581	23936	22440	4405720	52360	57596	5236	960	188480	2240	2464	224	176700	2100	2310	210	412300	453530	41230	5390	490	539
238	1	81	692	44	100	5880	73	77.72	4	6561	478864	1936	10000	34574400	5329	60.403.984	16	56052	3564	8100	476280	5913	6295.32	324	30448	69200	4068960	50516	53782.24	2768	4400	258720	3212	3419.68	176	588000	7300	7772	400	429240	456993.6	23520	5673.56	292	310.88
239	1	73	807	39	100	5870	73	78.8	7	5329	651249	1521	10000	34456900	5329	6209.44	49	58911	2847	7300	428510	5329	5752.4	511	31473	80700	4737090	58911	63591.6	5649	3900	228930	2847	3073.2	273	587000	7300	7880	700	428510	462556	41090	5752.4	511	551.6
240	1	87	869	19	17	5900	71	78.98	6	7569	755161	361	289	34810000	5041	62.378.404	36	75603	1653	1479	513300	6177	6871.26	522	16511	14773	5127100	61699	68633.62	5214	323	112100	1349	1500.62	114	100300	1207	1342.66	102	418900	465982	35400	5607.58	426	473.88
241	1	89	800	24	20	5920	77	85.64	4	7921	640000	576	400	35046400	5929	73.342.096	16	71200	2136	1780	526880	6853	7621.96	356	19200	16000	4736000	61600	68512	3200	480	142080	1848	2055.36	96	118400	1540	1712.8	80	455840	506988.8	23680	6594.28	308	342.56
242	1	92	393	6	4	5930	68	91.76	3	8464	154449	36	16	35164900	4624	84.198.976	9	36156	552	368	545560	6256	8441.92	276	2358	1572	2330490	26724	36061.68	1179	24	35580	408	550.56	18	23720	272	367.04	12	403240	544136.8	17790	6239.68	204	275.28
243	1	92	557	0	70	5950	62	90.68	5	8464	310249	0	4900	35402500	3844	82.228.624	25	51244	0	6440	547400	5704	8342.56	460	0	38990	3314150	34534	50508.76	2785	0	0	0	0	0	416500	4340	6347.6	350	368900	539546	29750	5622.16	310	453.4
244	1	93	620	27	30	5950	61	85.64	8	8649	384400	729	900	35402500	3721	73.342.096	64	57660	2511	2790	553350	5673	7964.52	744	16740	18600	3689000	37820	53096.8	4960	810	160650	1647	2312.28	216	178500	1830	2569.2	240	362950	509558	47600	5224.04	488	685.12
245	1	93	1404	33	70	5900	71	84.74	5	8649	1971216	1089	4900	34810000	5041	71.808.676	25	130572	3069	6510	548700	6603	7880.82	465	46332	98280	8283600	99684	118974.96	7020	2310	194700	2343	2796.42	165	413000	4970	5931.8	350	418900	499966	29500	6016.54	355	423.7
246	1	86	898	21	60	5890	77	80.6	8	7396	806404	441	3600	34692100	5929	6496.36	64	77228	1806	5160	506540	6622	6931.6	688	18858	53880	5289220	69146	72378.8	7184	1260	123690	1617	1692.6	168	353400	4620	4836	480	453530	474734	47120	6206.2	616	644.8
247	1	76	377	-2	40	5860	71	83.3	7	5776	142129	4	1600	34339600	5041	6938.89	49	28652	-152	3040	445360	5396	6330.8	532	-754	15080	2209220	26767	31404.1	2639	-80	-11720	-142	-166.6	-14	234400	2840	3332	280	416060	488138	41020	5914.3	497	583.1
248	1	81	528	17	50	5840	67	78.8	5	6561	278784	289	2500	34105600	4489	6209.44	25	42768	1377	4050	473040	5427	6382.8	405	8976	26400	3083520	35376	41606.4	2640	850	99280	1139	1339.6	85	292000	3350	3940	250	391280	460192	29200	5279.6	335	394
249	1	78	2818	26	70	5800	74	72.68	6	6084	7941124	676	4900	33640000	5476	52.823.824	36	219804	2028	5460	452400	5772	5669.04	468	73268	197260	16344400	208532	204812.24	16908	1820	150800	1924	1889.68	156	406000	5180	5087.6	420	429200	421544	34800	5378.32	444	436.08
250	1	73	3247	10	140	5760	65	67.28	7	5329	10543009	100	19600	33177600	4225	45.265.984	49	237031	730	10220	420480	4745	4911.44	511	32470	454580	18702720	211055	218458.16	22729	1400	57600	650	672.8	70	806400	9100	9419.2	980	374400	387532.8	40320	4373.2	455	470.96
251	1	80	895	0	100	5810	82	78.08	6	6400	801025	0	10000	33756100	6724	60.964.864	36	71600	0	8000	464800	6560	6246.4	480	0	89500	5199950	73390	69881.6	5370	0	0	0	0	0	581000	8200	7808	600	476420	453644.8	34860	6402.56	492	468.48
252	1	81	721	0	120	5850	67	80.24	4	6561	519841	0	14400	34222500	4489	64.384.576	16	58401	0	9720	473850	5427	6499.44	324	0	86520	4217850	48307	57853.04	2884	0	0	0	0	0	702000	8040	9628.8	480	391950	469404	23400	5376.08	268	320.96
255	1	52	5000	39	150	5760	87	51.8	7	2704	2.5e+07	1521	22500	33177600	7569	2683.24	49	260000	2028	7800	299520	4524	2693.6	364	195000	750000	28800000	435000	259000	35000	5850	224640	3393	2020.2	273	864000	13050	7770	1050	501120	298368	40320	4506.6	609	362.6
256	1	63	1965	13	50	5860	71	60.98	4	3969	3861225	169	2500	34339600	5041	37.185.604	16	123795	819	3150	369180	4473	3841.74	252	25545	98250	11514900	139515	119825.7	7860	650	76180	923	792.74	52	293000	3550	3049	200	416060	357342.8	23440	4329.58	284	243.92
257	1	72	1853	10	70	5830	77	70.88	5	5184	3433609	100	4900	33988900	5929	50.239.744	25	133416	720	5040	419760	5544	5103.36	360	18530	129710	10802990	142681	131340.64	9265	700	58300	770	708.8	50	408100	5390	4961.6	350	448910	413230.4	29150	5457.76	385	354.4
258	1	75	2342	7	40	5840	78	71.42	5	5625	5484964	49	1600	34105600	6084	51.008.164	25	175650	525	3000	438000	5850	5356.5	375	16394	93680	13677280	182676	167265.64	11710	280	40880	546	499.94	35	233600	3120	2856.8	200	455520	417092.8	29200	5570.76	390	357.1
259	1	55	5000	56	70	5800	72	51.62	7	3025	2.5e+07	3136	4900	33640000	5184	26.646.244	49	275000	3080	3850	319000	3960	2839.1	385	280000	350000	2.9e+07	360000	258100	35000	3920	324800	4032	2890.72	392	406000	5040	3613.4	490	417600	299396	40600	3716.64	504	361.34
261	1	61	4028	35	140	5790	71	55.04	3	3721	16224784	1225	19600	33524100	5041	30.294.016	9	245708	2135	8540	353190	4331	3357.44	183	140980	563920	23322120	285988	221701.12	12084	4900	202650	2485	1926.4	105	810600	9940	7705.6	420	411090	318681.6	17370	3907.84	213	165.12
262	1	71	2716	26	140	5830	71	63.68	5	5041	7376656	676	19600	33988900	5041	40.551.424	25	192836	1846	9940	413930	5041	4521.28	355	70616	380240	15834280	192836	172954.88	13580	3640	151580	1846	1655.68	130	816200	9940	8915.2	700	413930	371254.4	29150	4521.28	355	318.4
263	1	71	3671	31	100	5810	76	65.84	5	5041	13476241	961	10000	33756100	5776	43.349.056	25	260641	2201	7100	412510	5396	4674.64	355	113801	367100	21328510	278996	241698.64	18355	3100	180110	2356	2041.04	155	581000	7600	6584	500	441560	382530.4	29050	5003.84	380	329.2
265	1	72	3795	31	70	5780	76	66.92	6	5184	14402025	961	4900	33408400	5776	44.782.864	36	273240	2232	5040	416160	5472	4818.24	432	117645	265650	21935100	288420	253961.4	22770	2170	179180	2356	2074.52	186	404600	5320	4684.4	420	439280	386797.6	34680	5085.92	456	401.52
266	1	75	3120	35	40	5800	73	66.92	6	5625	9734400	1225	1600	33640000	5329	44.782.864	36	234000	2625	3000	435000	5475	5019	450	109200	124800	18096000	227760	208790.4	18720	1400	203000	2555	2342.2	210	232000	2920	2676.8	240	423400	388136	34800	4885.16	438	401.52
268	1	65	2667	17	100	5800	80	63.5	5	4225	7112889	289	10000	33640000	6400	4032.25	25	173355	1105	6500	377000	5200	4127.5	325	45339	266700	15468600	213360	169354.5	13335	1700	98600	1360	1079.5	85	580000	8000	6350	500	464000	368300	29000	5080	400	317.5
269	1	61	5000	39	120	5780	73	52.7	9	3721	2.5e+07	1521	14400	33408400	5329	2777.29	81	305000	2379	7320	352580	4453	3214.7	549	195000	6,00E+05	28900000	365000	263500	45000	4680	225420	2847	2055.3	351	693600	8760	6324	1080	421940	304606	52020	3847.1	657	474.3
270	1	60	5000	36	120	5790	80	48.92	8	3600	2.5e+07	1296	14400	33524100	6400	23.931.664	64	3,00E+05	2160	7200	347400	4800	2935.2	480	180000	6,00E+05	28950000	4,00E+05	244600	40000	4320	208440	2880	1761.12	288	694800	9600	5870.4	960	463200	283246.8	46320	3913.6	640	391.36
271	1	64	308	25	140	5770	75	68.72	5	4096	94864	625	19600	33292900	5625	47.224.384	25	19712	1600	8960	369280	4800	4398.08	320	7700	43120	1777160	23100	21165.76	1540	3500	144250	1875	1718	125	807800	10500	9620.8	700	432750	396514.4	28850	5154	375	343.6
272	1	61	2982	18	120	5750	68	59.9	4	3721	8892324	324	14400	33062500	4624	3588.01	16	181902	1098	7320	350750	4148	3653.9	244	53676	357840	17146500	202776	178621.8	11928	2160	103500	1224	1078.2	72	690000	8160	7188	480	391000	344425	23000	4073.2	272	239.6
273	1	63	5000	30	70	5640	93	52.7	5	3969	2.5e+07	900	4900	31809600	8649	2777.29	25	315000	1890	4410	355320	5859	3320.1	315	150000	350000	28200000	465000	263500	25000	2100	169200	2790	1581	150	394800	6510	3689	350	524520	297228	28200	4901.1	465	263.5
274	1	62	5000	25	150	5640	57	51.26	7	3844	2.5e+07	625	22500	31809600	3249	26.275.876	49	310000	1550	9300	349680	3534	3178.12	434	125000	750000	28200000	285000	256300	35000	3750	141000	1425	1281.5	175	846000	8550	7689	1050	321480	289106.4	39480	2921.82	399	358.82
275	1	59	5000	38	200	5650	70	47.66	3	3481	2.5e+07	1444	40000	31922500	4900	22.714.756	9	295000	2242	11800	333350	4130	2811.94	177	190000	1,00E+06	28250000	350000	238300	15000	7600	214700	2660	1811.08	114	1130000	14000	9532	600	395500	269279	16950	3336.2	210	142.98
276	1	56	5000	35	200	5710	65	47.84	6	3136	2.5e+07	1225	40000	32604100	4225	22.886.656	36	280000	1960	11200	319760	3640	2679.04	336	175000	1,00E+06	28550000	325000	239200	30000	7000	199850	2275	1674.4	210	1142000	13000	9568	1200	371150	273166.4	34260	3109.6	390	287.04
277	1	59	3070	13	200	5760	66	60.08	6	3481	9424900	169	40000	33177600	4356	36.096.064	36	181130	767	11800	339840	3894	3544.72	354	39910	614000	17683200	202620	184445.6	18420	2600	74880	858	781.04	78	1152000	13200	12016	1200	380160	346060.8	34560	3965.28	396	360.48
278	1	72	830	0	70	5840	73	72.14	4	5184	688900	0	4900	34105600	5329	52.041.796	16	59760	0	5040	420480	5256	5194.08	288	0	58100	4847200	60590	59876.2	3320	0	0	0	0	0	408800	5110	5049.8	280	426320	421297.6	23360	5266.22	292	288.56
279	1	71	711	-9	40	5880	77	75.56	3	5041	505521	81	1600	34574400	5929	57.093.136	9	50481	-639	2840	417480	5467	5364.76	213	-6399	28440	4180680	54747	53723.16	2133	-360	-52920	-693	-680.04	-27	235200	3080	3022.4	120	452760	444292.8	17640	5818.12	231	226.68
280	1	75	1049	-10	50	5890	80	78.98	5	5625	1100401	100	2500	34692100	6400	62.378.404	25	78675	-750	3750	441750	6000	5923.5	375	-10490	52450	6178610	83920	82850.02	5245	-500	-58900	-800	-789.8	-50	294500	4000	3949	250	471200	465192.2	29450	6318.4	400	394.9
281	1	71	511	-39	17	5890	73	83.84	4	5041	261121	1521	289	34692100	5329	70.291.456	16	36281	-2769	1207	418190	5183	5952.64	284	-19929	8687	3009790	37303	42842.24	2044	-663	-229710	-2847	-3269.76	-156	100130	1241	1425.28	68	429970	493817.6	23560	6120.32	292	335.36
282	1	71	5000	-40	80	5890	19	67.64	5	5041	2.5e+07	1600	6400	34692100	361	45.751.696	25	355000	-2840	5680	418190	1349	4802.44	355	-2,00E+05	4,00E+05	29450000	95000	338200	25000	-3200	-235600	-760	-2705.6	-200	471200	1520	5411.2	400	111910	398399.6	29450	1285.16	95	338.2
283	1	73	5000	-34	250	5890	19	69.44	6	5329	2.5e+07	1156	62500	34692100	361	48.219.136	36	365000	-2482	18250	429970	1387	5069.12	438	-170000	1250000	29450000	95000	347200	30000	-8500	-200260	-646	-2360.96	-204	1472500	4750	17360	1500	111910	409001.6	35340	1319.36	114	416.64
284	1	78	377	-3	200	5850	73	78.8	3	6084	142129	9	40000	34222500	5329	6209.44	9	29406	-234	15600	456300	5694	6146.4	234	-1131	75400	2205450	27521	29707.6	1131	-600	-17550	-219	-236.4	-9	1170000	14600	15760	600	427050	460980	17550	5752.4	219	236.4
285	1	73	862	27	2	5830	76	73.58	5	5329	743044	729	4	33988900	5776	54.140.164	25	62926	1971	146	425590	5548	5371.34	365	23274	1724	5025460	65512	63425.96	4310	54	157410	2052	1986.66	135	11660	152	147.16	10	443080	428971.4	29150	5592.08	380	367.9
286	1	71	337	-17	20	5830	77	81.14	8	5041	113569	289	400	33988900	5929	65.836.996	64	23927	-1207	1420	413930	5467	5760.94	568	-5729	6740	1964710	25949	27344.18	2696	-340	-99110	-1309	-1379.38	-136	116600	1540	1622.8	160	448910	473046.2	46640	6247.78	616	649.12
287	1	73	492	-2	7	5860	86	82.22	5	5329	242064	4	49	34339600	7396	67.601.284	25	35916	-146	511	427780	6278	6002.06	365	-984	3444	2883120	42312	40452.24	2460	-14	-11720	-172	-164.44	-10	41020	602	575.54	35	503960	481809.2	29300	7070.92	430	411.1
288	1	71	1394	13	30	5830	76	75.02	5	5041	1943236	169	900	33988900	5776	56.280.004	25	98974	923	2130	413930	5396	5326.42	355	18122	41820	8127020	105944	104577.88	6970	390	75790	988	975.26	65	174900	2280	2250.6	150	443080	437366.6	29150	5701.52	380	375.1
289	1	66	3146	27	50	5800	66	64.04	7	4356	9897316	729	2500	33640000	4356	41.011.216	49	207636	1782	3300	382800	4356	4226.64	462	84942	157300	18246800	207636	201469.84	22022	1350	156600	1782	1729.08	189	290000	3300	3202	350	382800	371432	40600	4226.64	462	448.28
290	1	69	2234	11	70	5830	74	66.74	4	4761	4990756	121	4900	33988900	5476	44.542.276	16	154146	759	4830	402270	5106	4605.06	276	24574	156380	13024220	165316	149097.16	8936	770	64130	814	734.14	44	408100	5180	4671.8	280	431420	389094.2	23320	4938.76	296	266.96
291	1	69	2109	21	17	5790	71	69.62	5	4761	4447881	441	289	33524100	5041	48.469.444	25	145521	1449	1173	399510	4899	4803.78	345	44289	35853	12211110	149739	146828.58	10545	357	121590	1491	1462.02	105	98430	1207	1183.54	85	411090	403099.8	28950	4943.02	355	348.1
292	1	64	5000	23	80	5730	84	54.5	4	4096	2.5e+07	529	6400	32832900	7056	2970.25	16	320000	1472	5120	366720	5376	3488	256	115000	4,00E+05	28650000	420000	272500	20000	1840	131790	1932	1253.5	92	458400	6720	4360	320	481320	312285	22920	4578	336	218
293	1	65	2270	-7	50	5780	74	68.9	5	4225	5152900	49	2500	33408400	5476	4747.21	25	147550	-455	3250	375700	4810	4478.5	325	-15890	113500	13120600	167980	156403	11350	-350	-40460	-518	-482.3	-35	289000	3700	3445	250	427720	398242	28900	5098.6	370	344.5
294	1	54	2191	-13	60	5740	48	68.72	7	2916	4800481	169	3600	32947600	2304	47.224.384	49	118314	-702	3240	309960	2592	3710.88	378	-28483	131460	12576340	105168	150565.52	15337	-780	-74620	-624	-893.36	-91	344400	2880	4123.2	420	275520	394452.8	40180	3298.56	336	481.04
295	1	62	3448	12	60	5710	75	58.64	8	3844	11888704	144	3600	32604100	5625	34.386.496	64	213776	744	3720	354020	4650	3635.68	496	41376	206880	19688080	258600	202190.72	27584	720	68520	900	703.68	96	342600	4500	3518.4	480	428250	334834.4	45680	4398	600	469.12
296	1	56	5000	13	80	5690	74	48.92	6	3136	2.5e+07	169	6400	32376100	5476	23.931.664	36	280000	728	4480	318640	4144	2739.52	336	65000	4,00E+05	28450000	370000	244600	30000	1040	73970	962	635.96	78	455200	5920	3913.6	480	421060	278354.8	34140	3620.08	444	293.52
297	1	55	5000	11	50	5670	67	49.46	4	3025	2.5e+07	121	2500	32148900	4489	24.462.916	16	275000	605	2750	311850	3685	2720.3	220	55000	250000	28350000	335000	247300	20000	550	62370	737	544.06	44	283500	3350	2473	200	379890	280438.2	22680	3313.82	268	197.84
298	1	58	2719	25	50	5760	75	56.84	4	3364	7392961	625	2500	33177600	5625	32.307.856	16	157702	1450	2900	334080	4350	3296.72	232	67975	135950	15661440	203925	154547.96	10876	1250	144000	1875	1421	100	288000	3750	2842	200	432000	327398.4	23040	4263	300	227.36
299	1	48	1899	21	40	5820	71	62.06	5	2304	3606201	441	1600	33872400	5041	38.514.436	25	91152	1008	1920	279360	3408	2978.88	240	39879	75960	11052180	134829	117851.94	9495	840	122220	1491	1303.26	105	232800	2840	2482.4	200	413220	361189.2	29100	4406.26	355	310.3
300	1	54	5000	-41	40	5790	35	52.52	3	2916	2.5e+07	1681	1600	33524100	1225	27.583.504	9	270000	-2214	2160	312660	1890	2836.08	162	-205000	2,00E+05	28950000	175000	262600	15000	-1640	-237390	-1435	-2153.32	-123	231600	1400	2100.8	120	202650	304090.8	17370	1838.2	105	157.56
301	1	57	5000	-21	300	5760	23	50.9	5	3249	2.5e+07	441	90000	33177600	529	2590.81	25	285000	-1197	17100	328320	1311	2901.3	285	-105000	1500000	28800000	115000	254500	25000	-6300	-120960	-483	-1068.9	-105	1728000	6900	15270	1500	132480	293184	28800	1170.7	115	254.5
302	1	60	5000	-19	200	5800	19	54.32	6	3600	2.5e+07	361	40000	33640000	361	29.506.624	36	3,00E+05	-1140	12000	348000	1140	3259.2	360	-95000	1,00E+06	2.9e+07	95000	271600	30000	-3800	-110200	-361	-1032.08	-114	1160000	3800	10864	1200	110200	315056	34800	1032.08	114	325.92
303	1	61	2385	10	150	5810	59	60.44	7	3721	5688225	100	22500	33756100	3481	36.529.936	49	145485	610	9150	354410	3599	3686.84	427	23850	357750	13856850	140715	144149.4	16695	1500	58100	590	604.4	70	871500	8850	9066	1050	342790	351156.4	40670	3565.96	413	423.08
304	1	63	1938	0	100	5750	60	62.6	4	3969	3755844	0	10000	33062500	3600	3918.76	16	122094	0	6300	362250	3780	3943.8	252	0	193800	11143500	116280	121318.8	7752	0	0	0	0	0	575000	6000	6260	400	345000	359950	23000	3756	240	250.4
305	1	65	590	-11	100	5840	38	69.98	0	4225	348100	121	10000	34105600	1444	48.972.004	0	38350	-715	6500	379600	2470	4548.7	0	-6490	59000	3445600	22420	41288.2	0	-1100	-64240	-418	-769.78	0	584000	3800	6998	0	221920	408683.2	0	2659.24	0	0
308	1	71	328	-40	150	5920	22	80.6	3	5041	107584	1600	22500	35046400	484	6496.36	9	23288	-2840	10650	420320	1562	5722.6	213	-13120	49200	1941760	7216	26436.8	984	-6000	-236800	-880	-3224	-120	888000	3300	12090	450	130240	477152	17760	1773.2	66	241.8
310	1	70	5000	-29	300	5860	19	61.7	7	4900	2.5e+07	841	90000	34339600	361	3806.89	49	350000	-2030	21000	410200	1330	4319	490	-145000	1500000	29300000	95000	308500	35000	-8700	-169940	-551	-1789.3	-203	1758000	5700	18510	2100	111340	361562	41020	1172.3	133	431.9
312	1	68	597	-22	30	5840	45	73.58	0	4624	356409	484	900	34105600	2025	54.140.164	0	40596	-1496	2040	397120	3060	5003.44	0	-13134	17910	3486480	26865	43927.26	0	-660	-128480	-990	-1618.76	0	175200	1350	2207.4	0	262800	429707.2	0	3311.1	0	0
314	1	69	469	-4	50	5810	47	71.78	2	4761	219961	16	2500	33756100	2209	51.523.684	4	32361	-276	3450	400890	3243	4952.82	138	-1876	23450	2724890	22043	33664.82	938	-200	-23240	-188	-287.12	-8	290500	2350	3589	100	273070	417041.8	11620	3373.66	94	143.56
315	1	59	1541	18	20	5770	73	63.14	2	3481	2374681	324	400	33292900	5329	39.866.596	4	90919	1062	1180	340430	4307	3725.26	118	27738	30820	8891570	112493	97298.74	3082	360	103860	1314	1136.52	36	115400	1460	1262.8	40	421210	364317.8	11540	4609.22	146	126.28
316	1	49	5000	24	200	5710	67	41.9	4	2401	2.5e+07	576	40000	32604100	4489	1755.61	16	245000	1176	9800	279790	3283	2053.1	196	120000	1,00E+06	28550000	335000	209500	20000	4800	137040	1608	1005.6	96	1142000	13400	8380	800	382570	239249	22840	2807.3	268	167.6
317	1	39	5000	15	120	5500	56	41.72	9	1521	2.5e+07	225	14400	30250000	3136	17.405.584	81	195000	585	4680	214500	2184	1627.08	351	75000	6,00E+05	27500000	280000	208600	45000	1800	82500	840	625.8	135	660000	6720	5006.4	1080	308000	229460	49500	2336.32	504	375.48
318	1	50	5000	27	300	5660	54	44.6	3	2500	2.5e+07	729	90000	32035600	2916	1989.16	9	250000	1350	15000	283000	2700	2230	150	135000	1500000	28300000	270000	223000	15000	8100	152820	1458	1204.2	81	1698000	16200	13380	900	305640	252436	16980	2408.4	162	133.8
319	1	46	5000	54	200	5700	71	42.8	3	2116	2.5e+07	2916	40000	32490000	5041	1831.84	9	230000	2484	9200	262200	3266	1968.8	138	270000	1,00E+06	28500000	355000	214000	15000	10800	307800	3834	2311.2	162	1140000	14200	8560	600	404700	243960	17100	3038.8	213	128.4
320	1	54	5000	-28	70	5810	59	53.6	5	2916	2.5e+07	784	4900	33756100	3481	2872.96	25	270000	-1512	3780	313740	3186	2894.4	270	-140000	350000	29050000	295000	268000	25000	-1960	-162680	-1652	-1500.8	-140	406700	4130	3752	350	342790	311416	29050	3162.4	295	268
321	1	60	5000	-38	140	5860	25	63.5	0	3600	2.5e+07	1444	19600	34339600	625	4032.25	0	3,00E+05	-2280	8400	351600	1500	3810	0	-190000	7,00E+05	29300000	125000	317500	0	-5320	-222680	-950	-2413	0	820400	3500	8890	0	146500	372110	0	1587.5	0	0
322	1	62	5000	-36	150	5900	24	60.08	0	3844	2.5e+07	1296	22500	34810000	576	36.096.064	0	310000	-2232	9300	365800	1488	3724.96	0	-180000	750000	29500000	120000	300400	0	-5400	-212400	-864	-2162.88	0	885000	3600	9012	0	141600	354472	0	1441.92	0	0
323	1	65	2014	-20	200	5850	41	69.98	5	4225	4056196	400	40000	34222500	1681	48.972.004	25	130910	-1300	13000	380250	2665	4548.7	325	-40280	402800	11781900	82574	140939.72	10070	-4000	-117000	-820	-1399.6	-100	1170000	8200	13996	1000	239850	409383	29250	2869.18	205	349.9
324	1	66	436	1	4	5780	50	70.34	3	4356	190096	1	16	33408400	2500	49.477.156	9	28776	66	264	381480	3300	4642.44	198	436	1744	2520080	21800	30668.24	1308	4	5780	50	70.34	3	23120	200	281.36	12	289000	406565.2	17340	3517	150	211.02
325	1	66	830	3	40	5790	76	66.02	0	4356	688900	9	1600	33524100	5776	43.586.404	0	54780	198	2640	382140	5016	4357.32	0	2490	33200	4805700	63080	54796.6	0	120	17370	228	198.06	0	231600	3040	2640.8	0	440040	382255.8	0	5017.52	0	0
326	1	63	1112	-8	30	5780	82	66.38	2	3969	1236544	64	900	33408400	6724	44.063.044	4	70056	-504	1890	364140	5166	4181.94	126	-8896	33360	6427360	91184	73814.56	2224	-240	-46240	-656	-531.04	-16	173400	2460	1991.4	60	473960	383676.4	11560	5443.16	164	132.76
327	1	62	1210	-17	30	5770	81	67.82	2	3844	1464100	289	900	33292900	6561	45.995.524	4	75020	-1054	1860	357740	5022	4204.84	124	-20570	36300	6981700	98010	82062.2	2420	-510	-98090	-1377	-1152.94	-34	173100	2430	2034.6	60	467370	391321.4	11540	5493.42	162	135.64
328	1	60	501	-22	2	5750	85	70.88	2	3600	251001	484	4	33062500	7225	50.239.744	4	30060	-1320	120	345000	5100	4252.8	120	-11022	1002	2880750	42585	35510.88	1002	-44	-126500	-1870	-1559.36	-44	11500	170	141.76	4	488750	407560	11500	6024.8	170	141.76
329	1	63	875	-15	0	5780	76	68.9	5	3969	765625	225	0	33408400	5776	4747.21	25	55125	-945	0	364140	4788	4340.7	315	-13125	0	5057500	66500	60287.5	4375	0	-86700	-1140	-1033.5	-75	0	0	0	0	439280	398242	28900	5236.4	380	344.5
330	1	60	1601	7	30	5790	66	62.06	5	3600	2563201	49	900	33524100	4356	38.514.436	25	96060	420	1800	347400	3960	3723.6	300	11207	48030	9269790	105666	99358.06	8005	210	40530	462	434.42	35	173700	1980	1861.8	150	382140	359327.4	28950	4095.96	330	310.3
331	1	58	5000	59	60	5750	58	41.9	6	3364	2.5e+07	3481	3600	33062500	3364	1755.61	36	290000	3422	3480	333500	3364	2430.2	348	295000	3,00E+05	28750000	290000	209500	30000	3540	339250	3422	2472.1	354	345000	3480	2514	360	333500	240925	34500	2430.2	348	251.4
332	1	34	5000	-63	150	5670	19	37.04	8	1156	2.5e+07	3969	22500	32148900	361	13.719.616	64	170000	-2142	5100	192780	646	1259.36	272	-315000	750000	28350000	95000	185200	40000	-9450	-357210	-1197	-2333.52	-504	850500	2850	5556	1200	107730	210016.8	45360	703.76	152	296.32
333	1	36	5000	-52	100	5760	19	41	0	1296	2.5e+07	2704	10000	33177600	361	1681	0	180000	-1872	3600	207360	684	1476	0	-260000	5,00E+05	28800000	95000	205000	0	-5200	-299520	-988	-2132	0	576000	1900	4100	0	109440	236160	0	779	0	0
334	1	44	2280	-54	250	5770	19	55.76	4	1936	5198400	2916	62500	33292900	361	31.091.776	16	100320	-2376	11000	253880	836	2453.44	176	-123120	570000	13155600	43320	127132.8	9120	-13500	-311580	-1026	-3011.04	-216	1442500	4750	13940	1000	109630	321735.2	23080	1059.44	76	223.04
335	1	53	2047	-43	150	5810	19	63.5	2	2809	4190209	1849	22500	33756100	361	4032.25	4	108491	-2279	7950	307930	1007	3365.5	106	-88021	307050	11893070	38893	129984.5	4094	-6450	-249830	-817	-2730.5	-86	871500	2850	9525	300	110390	368935	11620	1206.5	38	127
336	1	52	5000	-69	200	5810	19	56.48	2	2704	2.5e+07	4761	40000	33756100	361	31.899.904	4	260000	-3588	10400	302120	988	2936.96	104	-345000	1,00E+06	29050000	95000	282400	10000	-13800	-400890	-1311	-3897.12	-138	1162000	3800	11296	400	110390	328148.8	11620	1073.12	38	112.96
337	1	53	3720	-50	200	5870	19	61.34	3	2809	13838400	2500	40000	34456900	361	37.625.956	9	197160	-2650	10600	311110	1007	3251.02	159	-186000	744000	21836400	70680	228184.8	11160	-10000	-293500	-950	-3067	-150	1174000	3800	12268	600	111530	360065.8	17610	1165.46	57	184.02
338	1	58	311	-24	200	5830	27	69.98	2	3364	96721	576	40000	33988900	729	48.972.004	4	18038	-1392	11600	338140	1566	4058.84	116	-7464	62200	1813130	8397	21763.78	622	-4800	-139920	-648	-1679.52	-48	1166000	5400	13996	400	157410	407983.4	11660	1889.46	54	139.96
339	1	55	2536	28	80	5760	64	56.48	0	3025	6431296	784	6400	33177600	4096	31.899.904	0	139480	1540	4400	316800	3520	3106.4	0	71008	202880	14607360	162304	143233.28	0	2240	161280	1792	1581.44	0	460800	5120	4518.4	0	368640	325324.8	0	3614.72	0	0
340	1	50	1154	-22	60	5680	52	61.52	0	2500	1331716	484	3600	32262400	2704	37.847.104	0	57700	-1100	3000	284000	2600	3076	0	-25388	69240	6554720	60008	70994.08	0	-1320	-124960	-1144	-1353.44	0	340800	3120	3691.2	0	295360	349433.6	0	3199.04	0	0
341	1	48	2933	-40	300	5780	19	59.9	4	2304	8602489	1600	90000	33408400	361	3588.01	16	140784	-1920	14400	277440	912	2875.2	192	-117320	879900	16952740	55727	175686.7	11732	-12000	-231200	-760	-2396	-160	1734000	5700	17970	1200	109820	346222	23120	1138.1	76	239.6
342	1	51	3064	-33	200	5810	19	62.78	3	2601	9388096	1089	40000	33756100	361	39.413.284	9	156264	-1683	10200	296310	969	3201.78	153	-101112	612800	17801840	58216	192357.92	9192	-6600	-191730	-627	-2071.74	-99	1162000	3800	12556	600	110390	364751.8	17430	1192.82	57	188.34
343	1	62	826	-16	300	5760	32	64.76	0	3844	682276	256	90000	33177600	1024	41.938.576	0	51212	-992	18600	357120	1984	4015.12	0	-13216	247800	4757760	26432	53491.76	0	-4800	-92160	-512	-1036.16	0	1728000	9600	19428	0	184320	373017.6	0	2072.32	0	0
344	1	40	5000	2	50	5680	58	42.98	0	1600	2.5e+07	4	2500	32262400	3364	18.472.804	0	2,00E+05	80	2000	227200	2320	1719.2	0	10000	250000	28400000	290000	214900	0	100	11360	116	85.96	0	284000	2900	2149	0	329440	244126.4	0	2492.84	0	0
345	1	44	111	-52	40	5750	26	68.18	0	1936	12321	2704	1600	33062500	676	46.485.124	0	4884	-2288	1760	253000	1144	2999.92	0	-5772	4440	638250	2886	7567.98	0	-2080	-299000	-1352	-3545.36	0	230000	1040	2727.2	0	149500	392035	0	1772.68	0	0
346	1	49	5000	-48	70	5790	19	54.68	5	2401	2.5e+07	2304	4900	33524100	361	29.899.024	25	245000	-2352	3430	283710	931	2679.32	245	-240000	350000	28950000	95000	273400	25000	-3360	-277920	-912	-2624.64	-240	405300	1330	3827.6	350	110010	316597.2	28950	1038.92	95	273.4
347	1	53	5000	-37	150	5770	19	55.58	3	2809	2.5e+07	1369	22500	33292900	361	30.891.364	9	265000	-1961	7950	305810	1007	2945.74	159	-185000	750000	28850000	95000	277900	15000	-5550	-213490	-703	-2056.46	-111	865500	2850	8337	450	109630	320696.6	17310	1056.02	57	166.74
348	1	53	5000	-26	150	5750	19	51.08	0	2809	2.5e+07	676	22500	33062500	361	26.091.664	0	265000	-1378	7950	304750	1007	2707.24	0	-130000	750000	28750000	95000	255400	0	-3900	-149500	-494	-1328.08	0	862500	2850	7662	0	109250	293710	0	970.52	0	0
349	1	53	5000	-31	70	5720	19	51.44	0	2809	2.5e+07	961	4900	32718400	361	26.460.736	0	265000	-1643	3710	303160	1007	2726.32	0	-155000	350000	28600000	95000	257200	0	-2170	-177320	-589	-1594.64	0	400400	1330	3600.8	0	108680	294236.8	0	977.36	0	0
350	1	55	948	-48	200	5760	19	70.7	3	3025	898704	2304	40000	33177600	361	4998.49	9	52140	-2640	11000	316800	1045	3888.5	165	-45504	189600	5460480	18012	67023.6	2844	-9600	-276480	-912	-3393.6	-144	1152000	3800	14140	600	109440	407232	17280	1343.3	57	212.1
351	1	51	5000	-50	120	5780	19	50.9	0	2601	2.5e+07	2500	14400	33408400	361	2590.81	0	255000	-2550	6120	294780	969	2595.9	0	-250000	6,00E+05	28900000	95000	254500	0	-6000	-289000	-950	-2545	0	693600	2280	6108	0	109820	294202	0	967.1	0	0
352	1	54	5000	-22	150	5660	19	48.56	4	2916	2.5e+07	484	22500	32035600	361	23.580.736	16	270000	-1188	8100	305640	1026	2622.24	216	-110000	750000	28300000	95000	242800	20000	-3300	-124520	-418	-1068.32	-88	849000	2850	7284	600	107540	274849.6	22640	922.64	76	194.24
353	1	48	3687	-10	150	5610	58	46.94	2	2304	13593969	100	22500	31472100	3364	22.033.636	4	176976	-480	7200	269280	2784	2253.12	96	-36870	553050	20684070	213846	173067.78	7374	-1500	-56100	-580	-469.4	-20	841500	8700	7041	300	325380	263333.4	11220	2722.52	116	93.88
354	1	53	5000	0	60	5640	51	44.24	0	2809	2.5e+07	0	3600	31809600	2601	19.571.776	0	265000	0	3180	298920	2703	2344.72	0	0	3,00E+05	28200000	255000	221200	0	0	0	0	0	0	338400	3060	2654.4	0	287640	249513.6	0	2256.24	0	0
355	1	49	5000	-19	70	5680	52	45.68	3	2401	2.5e+07	361	4900	32262400	2704	20.866.624	9	245000	-931	3430	278320	2548	2238.32	147	-95000	350000	28400000	260000	228400	15000	-1330	-107920	-988	-867.92	-57	397600	3640	3197.6	210	295360	259462.4	17040	2375.36	156	137.04
356	1	48	5000	-28	150	5650	19	45.32	5	2304	2.5e+07	784	22500	31922500	361	20.539.024	25	240000	-1344	7200	271200	912	2175.36	240	-140000	750000	28250000	95000	226600	25000	-4200	-158200	-532	-1268.96	-140	847500	2850	6798	750	107350	256058	28250	861.08	95	226.6
357	1	51	5000	-25	300	5710	19	48.38	4	2601	2.5e+07	625	90000	32604100	361	23.406.244	16	255000	-1275	15300	291210	969	2467.38	204	-125000	1500000	28550000	95000	241900	20000	-7500	-142750	-475	-1209.5	-100	1713000	5700	14514	1200	108490	276249.8	22840	919.22	76	193.52
358	1	47	508	-10	100	5680	57	58.64	4	2209	258064	100	10000	32262400	3249	34.386.496	16	23876	-470	4700	266960	2679	2756.08	188	-5080	50800	2885440	28956	29789.12	2032	-1000	-56800	-570	-586.4	-40	568000	5700	5864	400	323760	333075.2	22720	3342.48	228	234.56
359	1	50	2851	-5	70	5630	50	50	4	2500	8128201	25	4900	31696900	2500	2500	16	142550	-250	3500	281500	2500	2500	200	-14255	199570	16051130	142550	142550	11404	-350	-28150	-250	-250	-20	394100	3500	3500	280	281500	281500	22520	2500	200	200
362	1	51	111	-14	200	5730	53	72.5	3	2601	12321	196	40000	32832900	2809	5256.25	9	5661	-714	10200	292230	2703	3697.5	153	-1554	22200	636030	5883	8047.5	333	-2800	-80220	-742	-1015	-42	1146000	10600	14500	600	303690	415425	17190	3842.5	159	217.5
363	1	51	5000	-36	70	5690	23	51.26	3	2601	2.5e+07	1296	4900	32376100	529	26.275.876	9	255000	-1836	3570	290190	1173	2614.26	153	-180000	350000	28450000	115000	256300	15000	-2520	-204840	-828	-1845.36	-108	398300	1610	3588.2	210	130870	291669.4	17070	1178.98	69	153.78
364	1	50	3704	18	40	5650	61	46.94	3	2500	13719616	324	1600	31922500	3721	22.033.636	9	185200	900	2000	282500	3050	2347	150	66672	148160	20927600	225944	173865.76	11112	720	101700	1098	844.92	54	226000	2440	1877.6	120	344650	265211	16950	2863.34	183	140.82
365	1	39	5000	8	100	5550	85	39.92	4	1521	2.5e+07	64	10000	30802500	7225	15.936.064	16	195000	312	3900	216450	3315	1556.88	156	40000	5,00E+05	27750000	425000	199600	20000	800	44400	680	319.36	32	555000	8500	3992	400	471750	221556	22200	3393.2	340	159.68